2theta back_cor
35.0 178.97231818239698
35.01 189.64689963443448
35.02 204.56123001390074
35.03 196.9243093207947
35.04 185.06613755511557
35.05 190.15171471686517
35.06 210.53704080604325
35.07 205.36111582264857
35.08 204.59393976668161
35.09 212.8765126381429
35.1 213.1578344370323
35.11 220.50290516334917
35.12 235.80772481709414
35.13 256.0832933982674
35.14 290.05261090686827
35.15 314.3066773428968
35.16 303.6414927063536
35.17 279.52305699723865
35.18 279.62737021555085
35.19 279.6524323612914
35.2 285.9432434344601
35.21 301.7128034350567
35.22 269.7051123630804
35.23 239.54617021853255
35.24 281.43297700141306
35.25 301.0345327117209
35.26 280.98083734945703
35.27 288.38889091462124
35.28 296.7366934072131
35.29 293.7232448272325
35.3 290.7685451746802
35.31 289.0225944495562
35.32 278.5173926518594
35.33 277.93993978159097
35.34 259.1622358387508
35.35 248.318280823338
35.36 263.31507473535294
35.37 287.5516175747962
35.38 293.06490934166754
35.39 283.3779500359665
35.4 296.4237396576932
35.41 315.3292782068479
35.42 309.9965656834315
35.43 281.91360208744186
35.44 260.34338741888064
35.45 248.31392167774766
35.46 251.8222048640414
35.47 257.2502369777642
35.48 252.16501801891422
35.49 229.6335479874931
35.5 192.4288268834989
35.51 188.64085470693317
35.52 202.53663145779547
35.53 211.17915713608522
35.54 187.8294317418031
35.55 173.77645527494906
35.56 186.56822773552312
35.57 179.62074912352432
35.58 164.34701943895425
35.59 177.00603868181202
35.6 190.0678068520972
35.61 177.62832394981046
35.62 173.88858997495186
35.63 165.91760492752155
35.64 144.79636880751832
35.65 117.04288161494355
35.66 102.01914334979665
35.67 93.16515401207766
35.68 84.12691360178655
35.69 91.47342211892305
35.7 109.79067956348854
35.71 115.11168593548086
35.72 93.80744123490149
35.73 91.04894546175001
35.74 71.82019861602635
35.75 47.92420069773084
35.76 41.067951706862914
35.77 50.48045164342375
35.78 64.0417005074114
35.79 61.660698298827356
35.8 70.75744501767144
35.81 75.91694066394348
35.82 70.62318523764338
35.83 64.12917873877132
35.84 41.377921167327486
35.85 34.41041252331047
35.86 56.72265280672218
35.87 58.68664201756155
35.88 51.88738015582908
35.89 61.50686722152432
35.9 48.71710321464752
35.91 40.154088135198435
35.92 36.96182198317797
35.93 43.50130475858532
35.94 66.52153646142006
35.95 81.62451709168295
35.96 66.2702466493738
35.97 60.47072513449257
35.98 61.51295254703882
35.99 56.46892888701382
36.0 43.29765415441625
36.01 30.41212834924704
36.02 25.915351471505346
36.03 43.65832352119173
36.04 56.42904449830576
36.05 57.62951440284769
36.06 40.62473323481822
36.07 33.10570099421602
36.08 39.09441768104193
36.09 26.142883295296087
36.1 23.92909783697769
36.11 27.449061306087515
36.12 38.448773702624976
36.13 39.61723502659083
36.14 38.2654452779841
36.15 39.27340445680579
36.16 19.137112563054643
36.17 25.371569596732343
36.18 29.88377555783768
36.19 33.144730446370204
36.2 35.79643426233156
36.21 39.47688700572053
36.22 49.10508867653698
36.23 47.21303927478198
36.24 32.69173880045514
36.25 21.376187253555827
36.26 9.062384634084083
36.27 11.819330942041006
36.28 39.28602617742558
36.29 49.060470340237316
36.3 47.18766343047787
36.31 49.367605448146605
36.32 59.937296393242605
36.33 57.952736265766134
36.34 46.24492506571869
36.35 62.93486279309877
36.36 70.5305494479062
36.37 69.83698503014216
36.38 77.35816953980611
36.39 73.19110297689781
36.4 61.46878534141706
36.41 54.20421663336424
36.42 40.39339685274035
36.43 24.816325999543096
36.44 21.569004073774522
36.45 32.71643107543423
36.46 48.034607004521376
36.47 56.908531861035726
36.48 46.13420564497892
36.49 36.93762835635039
36.5 25.911799995148613
36.51 28.88672056137557
36.52 47.994390055030635
36.53 57.71480847611315
36.54 52.4309758246236
36.55 38.79489210056158
36.56 25.07055730392858
36.57 37.74197143472247
36.58 42.39913449294477
36.59 38.22204647859553
36.6 31.204707391673537
36.61 23.59111723217916
36.62 17.234276000112914
36.63 19.606183695475465
36.64 28.0558403182647
36.65 21.81624586848261
36.66 20.039400346128105
36.67 31.657303751202107
36.68 46.80295608370329
36.69 56.21935734363251
36.7 68.35250753099035
36.71 84.53540664577531
36.72 78.09405468798855
36.73 61.614451657629616
36.74 42.376597554699174
36.75 39.66349237919553
36.76 48.156136131120775
36.77 31.55952881047392
36.78 32.83267041725412
36.79 44.89956095146317
36.8 43.41120041309955
36.81 45.81858880216464
36.82 35.78572611865661
36.83 41.61861236257687
36.84 49.14524753392584
36.85 38.84963163270163
36.86 44.53776465890587
36.87 41.00764661253788
36.88 39.11627749359832
36.89 46.842657302085854
36.9 45.681786038001746
36.91 60.77466370134562
36.92 66.98029029211739
36.93 54.935665810317005
36.94 68.13579025594458
36.95 70.58466362900049
36.96 62.11528592948366
36.97 65.12165715739502
36.98 70.52977731273427
36.99 62.43264639550148
37.0 42.92526440569668
37.01 34.5106313433198
37.02 45.42774720837133
37.03 67.49961200084954
37.04 77.20322572075634
37.05 65.39058836809113
37.06 53.36769994285396
37.07 58.46656044504448
37.08 54.449169874663085
37.09 42.4875282317098
37.1 34.74963551618407
37.11 26.89149172808652
37.12 14.702096867416458
37.13 25.174450934174956
37.14 31.835553928360923
37.15 32.59440584997469
37.16 41.01500669901634
37.17 41.06635647548683
37.18 40.18645517938444
37.19 37.697302810710426
37.2 35.01489936946382
37.21 31.258244855645444
37.22 29.27433926925505
37.23 20.375182610292086
37.24 0.9537748787579403
37.25 -4.918883925348837
37.26 11.238206197972659
37.27 6.353045248721628
37.28 15.720633226898599
37.29 33.357970132503624
37.3 26.466055965536043
37.31 21.073890725997217
37.32 10.625474413886423
37.33 11.167807029203004
37.34 13.663888571947382
37.35 12.748719042120229
37.36 23.93129843972065
37.37 29.56162676474878
37.38 25.644704017205413
37.39 26.630530197089683
37.4 9.379105304401946
37.41 -3.8285706608585315
37.42 -16.93649769869012
37.43 -19.39367580909402
37.44 -10.266104992070495
37.45 10.470214752381708
37.46 18.403283424261417
37.47 14.322101023569076
37.48 5.507667550304404
37.49 3.461983004468266
37.5 26.36904738605972
37.51 16.170860695078773
37.52 2.0614229315262946
37.53 -6.746265904598431
37.54 -16.801205813295155
37.55 -18.40239679456431
37.56 -3.994838848405152
37.57 12.007468025181652
37.58 13.531523826196235
37.59 -0.5796714453606455
37.6 -4.913117789489888
37.61 7.289184793808772
37.62 10.007236304535127
37.63 16.756036742689957
37.64 18.992586108272235
37.65 17.52988440128229
37.66 13.256931621720469
37.67 10.789727769586989
37.68 0.9322728448812541
37.69 -2.4794331523971778
37.7 3.0856097777530067
37.71 0.31740163533095256
37.72 5.482942420336485
37.73 7.269232132770185
37.74 4.292270772632492
37.75 17.707058339922014
37.76 31.89559483463904
37.77 31.80388025678485
37.78 26.528914606358285
37.79 27.453697883359155
37.8 10.948230087788488
37.81 -6.719488780353913
37.82 -17.92945872106884
37.83 -25.449679734356323
37.84 -39.42115182021507
37.85 -33.23187497864615
37.86 -28.49984920964971
37.87 -32.393074513224974
37.88 -12.849550889371812
37.89 1.8327216619084084
37.9 -17.205256859383326
37.91 -14.502486453247002
37.92 5.878032880317733
37.93 4.41330114130983
37.94 -13.585681670270105
37.95 -22.1709155544213
37.96 -18.598400511145655
37.97 -7.078136540441847
37.98 -6.487123642310053
37.99 -9.83236181674988
38.0 -5.456851063762315
38.01 11.11240861665351
38.02 16.67241722449694
38.03 11.289174759768457
38.04 4.251681222467823
38.05 5.2789366125953165
38.06 6.996940930150913
38.07 3.5736941751338236
38.08 -12.277803652455077
38.09 -10.036552552615603
38.1 18.381447474651168
38.11 35.53219642934596
38.12 31.130694311468915
38.13 13.852941121020194
38.14 11.14093685799844
38.15 10.518681522405132
38.16 -8.24182488576048
38.17 -12.83658236649785
38.18 0.5054090801927487
38.19 -0.5688505456889743
38.2 9.567638755857388
38.21 15.071876984831306
38.22 16.942864141233713
38.23 22.19060022506369
38.24 10.22208523632139
38.25 7.384319175007477
38.26 14.102302041121447
38.27 22.233033834663274
38.28 30.124514555632913
38.29 19.9387442040304
38.3 18.455722779855932
38.31 8.214450283109272
38.32 11.984926713790856
38.33 12.885152071900166
38.34 15.892126357437519
38.35 24.40184957040242
38.36 25.51232171079573
38.37 33.762542778616535
38.38 27.83151277386537
38.39 19.176231696542573
38.4 27.559699546647153
38.41 28.935916324179516
38.42 17.07588202914053
38.43 11.310596661529189
38.44 -1.0659397786544105
38.45 -0.5647272914100085
38.46 6.622234123262388
38.47 20.90294446536268
38.48 29.858403734890544
38.49 10.479611931846875
38.5 -5.25143094376881
38.51 0.7482751080431171
38.52 1.0317300872829946
38.53 7.140933993950966
38.54 20.277886828046576
38.55 16.531588589569992
38.56 25.590039278522
38.57 27.837238894901475
38.58 27.666187438708903
38.59 13.351884909944147
38.6 6.5273313086077
38.61 17.040526634699063
38.62 11.26247088821765
38.63 -7.461835930834923
38.64 -7.375393822459955
38.65 -5.815202786656755
38.66 -9.58526282342632
38.67 -17.667573932767255
38.68 -20.446136114680485
38.69 -8.636949369166132
38.7 3.15098630377679
38.71 6.957670904147335
38.72 3.9031044319456214
38.73 1.8782868871714982
38.74 12.393218269826548
38.75 0.3988985799085185
38.76 -11.195672182581575
38.77 -1.2174940176432756
38.78 0.6384330747227978
38.79 2.2131090945165397
38.8 2.6495340417379794
38.81 2.2807079163883373
38.82 -10.07136928153409
38.83 -13.918697552028789
38.84 -11.054276895094972
38.85 -15.618107310733421
38.86 -31.708188798943866
38.87 -23.755521359727027
38.88 -15.636104993081517
38.89 -10.799939699008291
38.9 -1.62402547750753
38.91 -0.7183623285784506
38.92 -6.734950252221097
38.93 -3.599789248436309
38.94 -5.5648793172235855
38.95 2.7337795414173343
38.96 16.31318732748582
38.97 21.306344040982367
38.98 15.578249681906755
38.99 8.69490425025947
39.0 -8.453692253960298
39.01 -15.626539830752108
39.02 -4.346638480115644
39.03 -6.42198820205158
39.04 13.494411003440064
39.05 20.882559136360214
39.06 14.34145619670835
39.07 17.419102184484473
39.08 24.0524970996878
39.09 34.868640942319644
39.1 33.51353371237951
39.11 34.768175409866444
39.12 32.0815660347821
39.13 17.100705587125958
39.14 7.698594066897158
39.15 26.138231474096074
39.16 40.12261780872336
39.17 39.64775307077866
39.18 40.60163726026144
39.19 35.372270377172526
39.2 31.773652421511542
39.21 30.90278339327847
39.22 32.93166329247265
39.23 38.348292119095504
39.24 51.5406698731465
39.25 53.52079655462444
39.26 73.91067216353099
39.27 80.74229669986562
39.28 66.9086701636279
39.29 66.64079255481784
39.3 67.85666387343599
39.31 67.94528411948227
39.32 75.74065329295604
39.33 78.77677139385787
39.34 76.8936384221879
39.35 70.60225437794588
39.36 63.00561926113119
39.37 76.5237330717448
39.38 82.03159580978695
39.39 87.48820747525588
39.4 98.87556806815337
39.41 91.99467758847891
39.42 79.35653603623223
39.43 77.80714341141334
39.44 84.98049971402224
39.45 89.14660494405962
39.46 95.86145910152436
39.47 94.17906218641701
39.48 91.1064141987381
39.49 81.85451513848693
39.5 79.52436500566341
39.51 82.38096380026786
39.52 88.04331152230088
39.53 88.65740817176084
39.54 105.45725374864924
39.55 119.30184825296556
39.56 122.91819168471011
39.57 117.27428404388183
39.58 89.30512533048204
39.59 85.24771554451036
39.6 72.18805468596611
39.61 66.7011427548498
39.62 75.27697975116166
39.63 69.44056567490179
39.64 68.08890052606898
39.65 82.2699843046646
39.66 78.30481701068766
39.67 69.49839864413934
39.68 67.7757292050187
39.69 77.07080869332594
39.7 78.68763710906114
39.71 75.9962144522242
39.72 77.19154072281549
39.73 74.41661592083392
39.74 60.112440046281336
39.75 48.40901309915603
39.76 57.45233507945886
39.77 47.6744059871894
39.78 27.060225822348002
39.79 12.111794584934614
39.8 16.64211227494866
39.81 21.89117889239151
39.82 29.98899443726168
39.83 29.699558909559983
39.84 28.341872309286146
39.85 33.20093463644025
39.86 23.034745891022112
39.87 19.971306073031883
39.88 17.35561518246982
39.89 19.995673219335913
39.9 23.528480183629426
39.91 29.523036075350774
39.92 26.51234089450054
39.93 6.647394641078108
39.94 4.698197315083235
39.95 11.317748916516848
39.96 19.7780494453782
39.97 12.056098901667156
39.98 9.740897285384108
39.99 13.786444596529464
40.0 14.572740835102422
40.01 -2.54721399889695
40.02 -12.939419905467958
40.03 1.3221231153888766
40.04 -1.592584936326375
40.05 -0.35454406061398913
40.06 6.49224574252662
40.07 5.328784473095311
40.08 7.849072131091361
40.09 7.026108716516092
40.1 3.2328942293679575
40.11 0.8354286696483086
40.12 12.061712037356074
40.13 14.619744332492473
40.14 12.455525555056283
40.15 2.7200557050477983
40.16 0.5133347824676093
40.17 2.50036278731568
40.18 -2.240860280408697
40.19 -4.704334420705436
40.2 3.388940366426368
40.21 4.227964080985885
40.22 -0.22826327702705385
40.23 5.014258292388149
40.24 21.370528789231685
40.25 28.286548213502783
40.26 22.900316565201592
40.27 4.806833844328821
40.28 -5.76689994911635
40.29 -0.29888481513376064
40.3 0.19287924627701614
40.31 10.159392235115774
40.32 8.046654151382427
40.33 2.5406649950766678
40.34 0.7874247661995923
40.35 -0.2440665352501128
40.36 4.292191090728011
40.37 3.428197644134343
40.38 9.816953124968677
40.39 14.849457533230634
40.4 6.373710868920398
40.41 -0.2722868679616113
40.42 3.4194643225844175
40.43 13.117964440558126
40.44 23.1722134859599
40.45 26.89021145878951
40.46 33.78495835904732
40.47 45.275454186732304
40.48 57.713698941845905
40.49 64.43869262438761
40.5 66.78543523435656
40.51 60.667926771753855
40.52 59.405167236579246
40.53 61.56015662883215
40.54 64.66689494851289
40.55 72.55938219562177
40.56 103.96561837015884
40.57 120.75460347212334
40.58 119.93833750151612
40.59 133.69082045833693
40.6 135.84805234258533
40.61 155.51103315426167
40.62 188.19676289336599
40.63 194.5462415598986
40.64 218.32546915385865
40.65 243.24744567524658
40.66 251.96717112406282
40.67 260.11764550030716
40.68 265.0708688039788
40.69 283.31484103507864
40.7 313.98056219360683
40.71 350.89203227956205
40.72 383.44525129294584
40.73 395.20121923375723
40.74 412.0549361019973
40.75 433.67740189766437
40.76 433.70061662075955
40.77 473.72858027128336
40.78 506.827292849234
40.79 518.3567543546133
40.8 535.6759647874205
40.81 565.4069241476554
40.82 613.5756324353183
40.83 628.6520896504092
40.84 631.298295792928
40.85 667.2962508628746
40.86 692.1949548602493
40.87 690.6734077850517
40.88 697.4836096372824
40.89 720.1265604169405
40.9 741.3342601240267
40.91 752.6847087585409
40.92 774.6949063204834
40.93 789.8578528098533
40.94 787.4885482266513
40.95 796.6759925708777
40.96 816.5101858425312
40.97 828.3361280416129
40.98 839.0928191681223
40.99 854.5472592220603
41.0 841.3444482034258
41.01 843.3313861122197
41.02 854.0750729484412
41.03 857.8135087120904
41.04 860.5956934031676
41.05 843.9386270216726
41.06 819.2693095676059
41.07 827.8667410409671
41.08 828.616921441756
41.09 799.5398507699731
41.1 775.3425290256178
41.11 767.7859562086905
41.12 739.437132319191
41.13 711.7980573571199
41.14 694.6807313224765
41.15 674.9541542152608
41.16 651.437326035473
41.17 638.3642467831135
41.18 626.1089164581817
41.19 606.1793350606777
41.2 587.5065025906019
41.21 550.009419047954
41.22 490.78508443273404
41.23 451.1894987449416
41.24 452.72566198457775
41.25 423.17757415164147
41.26 400.0462352461327
41.27 381.6886452680528
41.28 375.0188042174002
41.29 368.78571209417555
41.3 356.36436889837876
41.31 324.88177463001034
41.32 281.59092928906944
41.33 250.84783287555638
41.34 242.85748538947166
41.35 238.81988683081477
41.36 213.67003719958575
41.37 183.92793649578425
41.38 164.8095847194113
41.39 158.79398187046604
41.4 151.8771279489482
41.41 129.0950229548588
41.42 112.4356668881976
41.43 92.18505974896402
41.44 82.94920153715805
41.45 79.82609225278065
41.46 72.36073189583067
41.47 70.22712046630863
41.48 58.07325796421446
41.49 56.963144389548916
41.5 54.24777974231074
41.51 43.67216402250017
41.52 22.01429723011813
41.53 14.390179365163931
41.54 -0.9451895723627786
41.55 -3.1758095824612838
41.56 -8.22668066513154
41.57 -12.236802820374123
41.58 -18.50117604818911
41.59 -13.902800348575624
41.6 -20.543675721534555
41.61 -34.61280216706564
41.62 -44.56717968516875
41.63 -46.345808275843524
41.64 -41.830687939090694
41.65 -36.087818674910295
41.66 -29.63520048330156
41.67 -29.84983336426467
41.68 -37.95671731780044
41.69 -33.34785234390779
41.7 -24.96223844258725
41.71 -33.61987561383887
41.72 -41.60276385766281
41.73 -33.643903174058664
41.74 -33.16929356302626
41.75 -36.50693502456659
41.76 -35.97982755867861
41.77 -35.85697116536244
41.78 -32.55936584461858
41.79 -30.42901159644714
41.8 -25.065908420847336
41.81 -28.469056317819536
41.82 -23.872455287364346
41.83 -23.968105329480863
41.84 -37.14900644416923
41.85 -31.857158631430025
41.86 -27.091561891262927
41.87 -22.66321622366786
41.88 -13.138121628644626
41.89 -13.796278106193768
41.9 -13.934685656314855
41.91 -18.085344279008154
41.92 -15.981253974272818
41.93 -17.79841474211048
41.94 -7.604826582519877
41.95 7.212510504498937
41.96 9.87659651894512
41.97 10.893431460819556
41.98 14.652015330121912
41.99 23.6193481268524
42.0 25.373429851010314
42.01 35.9552605025965
42.02 54.6078400816109
42.03 50.50916858805249
42.04 37.74124602192228
42.05 34.99807238322023
42.06 42.95364767194633
42.07 52.597971888099664
42.08 54.36404503168126
42.09 52.225867102691154
42.1 53.55343810112811
42.11 47.39275802699353
42.12 50.86982688028684
42.13 63.43664466100836
42.14 71.27221136915705
42.15 69.21252700473428
42.16 62.19159156773901
42.17 71.56440505817216
42.18 96.75896747603304
42.19 102.63727882132184
42.2 102.01333909403888
42.21 99.76014829418318
42.22 85.65870642175582
42.23 80.051013476756
42.24 80.41206945918475
42.25 80.22187436904107
42.26 88.50242820632525
42.27 97.41273097103772
42.28 96.77178266317742
42.29 80.71058328274557
42.3 78.55713282974136
42.31 83.90143130416538
42.32 83.65647870601731
42.33 85.34027503529705
42.34 84.23982029200488
42.35 71.93511447614037
42.36 65.39215758770388
42.37 63.91794962669496
42.38 61.56449059311467
42.39 47.21878048696203
42.4 52.09681930823717
42.41 58.55660705694015
42.42 59.06914373307143
42.43 52.41642933663036
42.44 45.676463867617144
42.45 26.45124732603233
42.46 26.41377971187501
42.47 32.913061025145794
42.48 43.36609126584415
42.49 43.02887043397095
42.5 36.517398529525394
42.51 30.427675552507594
42.52 27.23870150291816
42.53 26.548476380756483
42.54 26.508000186022628
42.55 30.619272918716547
42.56 26.64629457883882
42.57 20.33106516638884
42.58 20.102584681366466
42.59 7.43885312377256
42.6 -2.949129506393774
42.61 5.716636790867938
42.62 4.0261520155572725
42.63 5.737416167675065
42.64 10.090429247220527
42.65 12.279191254193734
42.66 11.976702188595027
42.67 4.025962050424596
42.68 -15.968029160318224
42.69 -11.59627144363344
42.7 10.783235200479794
42.71 8.539490772020827
42.72 7.869495270989319
42.73 12.321248697386068
42.74 9.867751051211144
42.75 -3.915997667536317
42.76 1.461002541144012
42.77 14.82875167725274
42.78 16.308249740789165
42.79 19.57249673175329
42.8 6.558492650145581
42.81 0.4092374959659537
42.82 8.476731269214156
42.83 0.2219739698898593
42.84 -5.876034402005871
42.85 5.5477061535260646
42.86 20.952195636485612
42.87 15.75443404687337
42.88 7.790421384689466
42.89 26.215157649932962
42.9 40.584642842604126
42.91 20.64187696270369
42.92 6.473860010231306
42.93 -2.1224080148135727
42.94 -8.074927112430373
42.95 8.05130271738119
42.96 11.847281474620218
42.97 7.353009159287012
42.98 0.5344857713819238
42.99 0.7997113109049678
43.0 2.823685777855644
43.01 6.796409172234235
43.02 13.242881494041171
43.03 19.756102743275733
43.04 14.266072919937983
43.05 12.171792024028377
43.06 18.49126005554706
43.07 19.377477014493024
43.08 11.485442900867156
43.09 1.4771577146696018
43.1 8.016621455899667
43.11 18.687834124557412
43.12 23.322795720643285
43.13 25.798506244157466
43.14 26.033965695098914
43.15 36.99517407346855
43.16 48.70413137926619
43.17 45.618837612491916
43.18 41.6662927731453
43.19 51.30949686122665
43.2 40.09944987673623
43.21 26.359151819673116
43.22 38.91660269003819
43.23 39.21780248783148
43.24 33.34375121305277
43.25 31.06644886570143
43.26 30.511895445778237
43.27 40.952090953283346
43.28 63.15803538821581
43.29 63.043728750576406
43.3 56.078171040364964
43.31 49.467362257581726
43.32 49.043302402226004
43.33 56.00299147429837
43.34 47.8574294737989
43.35 57.54361640072682
43.36 67.35955225508292
43.37 70.63823703686705
43.38 75.52367074607923
43.39 94.92585338271886
43.4 88.41978494678676
43.41 86.03046543828214
43.42 94.61089485720618
43.43 106.89407320355781
43.44 120.56000047733744
43.45 135.43467667854497
43.46 157.93710180718028
43.47 165.65627586324342
43.48 150.21919884673457
43.49 169.69487075765392
43.5 195.29829159600104
43.51 214.0954613617762
43.52 231.83338005497944
43.53 244.3380476756098
43.54 249.86246422366878
43.55 263.0816296991552
43.56 283.44454410207015
43.57 323.2462074324126
43.58 357.34661969018316
43.59 395.1077808753819
43.6 444.93869098800803
43.61 470.5323500280623
43.62 495.92075799554436
43.63 530.8429148904546
43.64 563.4528207127928
43.65 593.8604754625588
43.66 637.9328791397522
43.67 675.8240317443746
43.68 703.2939332764242
43.69 742.5325837359015
43.7 779.8549831228074
43.71 837.5611314371411
43.72 869.5150286789026
43.73 892.0226748480916
43.74 921.4480699447092
43.75 928.7802139687544
43.76 953.5951069202274
43.77 1009.9167487991288
43.78 1063.9791396054577
43.79 1086.4712793392148
43.8 1100.5401680003993
43.81 1134.2268055890124
43.82 1139.9501921050532
43.83 1147.7973275485215
43.84 1188.7242119194184
43.85 1223.6308452177432
43.86 1243.3682274434952
43.87 1258.4403585966752
43.88 1262.192238677284
43.89 1272.5188676853204
43.9 1294.7472456207843
43.91 1284.7663724836762
43.92 1276.3912482739966
43.93 1278.2198729917443
43.94 1281.3592466369198
43.95 1284.571369209524
43.96 1280.9482407095559
43.97 1284.3088611370154
43.98 1266.4312304919026
43.99 1237.0003487742183
44.0 1213.5152159839618
44.01 1188.778832121133
44.02 1150.9551971857322
44.03 1126.6443111777594
44.04 1113.0351740972144
44.05 1090.1307859440976
44.06 1045.4301467184087
44.07 1020.6802564201477
44.08 994.4341150493142
44.09 957.4067226059091
44.1 919.8250790899317
44.11 899.3841845013822
44.12 859.0440388402606
44.13 807.3656421065673
44.14 781.5599943003017
44.15 749.1930954214638
44.16 697.2019454700538
44.17 652.0785444460723
44.18 626.6608923495182
44.19 584.4239891803923
44.2 553.2588349386942
44.21 504.6684296244242
44.22 462.7027732375816
44.23 445.3428657781675
44.24 418.4927072461812
44.25 389.55129764162257
44.26 353.194636964492
44.27 329.33772521478977
44.28 302.40356239251514
44.29 278.62714849766803
44.3 243.73448353024935
44.31 219.92256749025864
44.32 215.61640037769553
44.33 211.75698219256037
44.34 186.76031293485357
44.35 161.23639260457446
44.36 153.32922120172282
44.37 133.2137987262995
44.38 120.54012517830438
44.39 130.85120055773655
44.4 124.51002486459709
44.41 112.05959809888543
44.42 108.87492026060204
44.43 94.84399134974603
44.44 82.27281136631814
44.45 70.3083803103184
44.46 66.14769818174625
44.47 59.66376498060208
44.48 48.18958070688598
44.49 50.72814536059798
44.5 47.87745894173747
44.51 48.09752145030507
44.52 51.822332886300956
44.53 51.97389324972414
44.54 48.60220254057572
44.55 46.117260758854854
44.56 47.697067904562346
44.57 44.29062397769735
44.58 41.68892897826049
44.59 42.799982906251785
44.6 47.38878576167053
44.61 36.73133754451737
44.62 23.49363825479213
44.63 33.678687892495304
44.64 28.485486457625598
44.65 18.874033950184185
44.66 19.765330370170545
44.67 21.17537571758521
44.68 40.28716999242749
44.69 43.18171319469798
44.7 37.900005324396375
44.71 49.20104638152225
44.72 49.91683636607638
44.73 53.19237527805808
44.74 51.12266311746828
44.75 42.59269988430617
44.76 43.22748557857199
44.77 49.455020200265835
44.78 44.40930374938728
44.79 42.9303362259368
44.8 40.43011762991409
44.81 46.23164796131982
44.82 51.324927220153086
44.83 54.27095540641437
44.84 44.004732520103744
44.85 41.48425856122071
44.86 38.05453352976576
44.87 36.421557425738456
44.88 33.125330249139665
44.89 33.55085199996847
44.9 40.40512267822521
44.91 35.278142283909574
44.92 21.85691081702248
44.93 22.183428277563053
44.94 25.463694665531193
44.95 30.550709980927877
44.96 40.346474223752125
44.97 50.529987394004365
44.98 43.572249491684374
44.99 32.07526051679258
45.0 19.210020469328697
45.01 24.434529349292234
45.02 40.4427871566844
45.03 45.115793891504154
45.04 39.47654955375185
45.05 44.30605414342733
45.06 41.09430766053117
45.07 32.776310105062635
45.08 30.424061477021837
45.09 37.52756177640947
45.1 40.15481100322472
45.11 39.37580915746787
45.12 51.93055623913881
45.13 53.2570522482381
45.14 50.84429718476508
45.15 39.71329104871961
45.16 30.86003384010246
45.17 36.260525558913514
45.18 40.61476620515225
45.19 49.59975577881869
45.2 55.46049427991329
45.21 57.18198170843573
45.22 55.741218064385976
45.23 58.776203347764294
45.24 40.397937558570675
45.25 42.72542069680492
45.26 46.9026527624668
45.27 42.53263375555707
45.28 43.03036367607501
45.29 45.44784252402053
45.3 51.47207029939432
45.31 47.39604700219638
45.32 57.312772632426004
45.33 73.91824719008332
45.34 74.94547067516908
45.35 71.82744308768247
45.36 66.15416442762364
45.37 66.93063469499282
45.38 55.966853889790286
45.39 59.158822012015435
45.4 73.72753906166827
45.41 73.40800503874925
45.42 73.6132199432584
45.43 62.264183775194965
45.44 60.32289653455973
45.45 67.4673582213527
45.46 76.45456883557324
45.47 78.84552837722163
45.48 84.34323684629805
45.49 86.21169424280265
45.5 87.54690056673473
45.51 93.62985581809505
45.52 85.91755999688337
45.53 79.7880131030995
45.54 85.74021513674325
45.55 95.54616609781522
45.56 107.97786598631535
45.57 114.58031480224281
45.58 117.57851254559864
45.59 125.03245921638256
45.6 127.72715481459409
45.61 133.6635993402333
45.62 138.58979279330072
45.63 135.3297351737964
45.64 145.02542648171936
45.65 154.08486671707067
45.66 162.17505587984977
45.67 173.660993970057
45.68 171.45568098769184
45.69 168.98911693275465
45.7 158.84530180524587
45.71 157.15823560516424
45.72 159.05991833251096
45.73 155.01534998728562
45.74 174.1935305694883
45.75 204.08646007911864
45.76 207.69513851617694
45.77 198.99056588066355
45.78 196.3597421725775
45.79 191.79866739191982
45.8 183.3563415386899
45.81 194.5977646128881
45.82 212.22893661451383
45.83 209.12285754356765
45.84 209.54152740004974
45.85 214.13094618395928
45.86 223.44311389529696
45.87 229.03003053406258
45.88 221.00969610025618
45.89 220.9321105938775
45.9 228.76327401492688
45.91 227.79318636340406
45.92 236.23084763930933
45.93 239.9052578426423
45.94 238.09341697340346
45.95 234.60132503159264
45.96 250.17098201720933
45.97 248.18038793025437
45.98 234.82254277072707
45.99 234.0094465386278
46.0 230.3770992339563
46.01 233.2425008567128
46.02 228.92765140689755
46.03 227.42355088450972
46.04 231.61319928955004
46.05 235.73259662201815
46.06 238.8777428819144
46.07 241.64063806923855
46.08 242.0352821839906
46.09 256.3196752261707
46.1 271.2888171957784
46.11 288.84970809281424
46.12 300.9503479172779
46.13 311.7097366691696
46.14 313.69187434848914
46.15 324.25476095523686
46.16 345.63539648941185
46.17 362.36678095101547
46.18 369.8639143400468
46.19 377.6037966565061
46.2 398.0834279003932
46.21 433.70980807170827
46.22 453.2879371704512
46.23 489.3728151966219
46.24 516.211442150221
46.25 550.1218180312479
46.26 587.3819428397023
46.27 613.434816575585
46.28 655.1014392388956
46.29 727.1038108296342
46.3 782.1759313478002
46.31 827.473800793395
46.32 880.1254191664171
46.33 932.991786466867
46.34 1021.1189026947454
46.35 1101.7937678500516
46.36 1185.0033819327855
46.37 1272.614744942947
46.38 1345.473856880537
46.39 1438.2537177455547
46.4 1521.1133275380002
46.41 1616.8576862578739
46.42 1710.4927939051756
46.43 1804.981650479905
46.44 1917.2122559820623
46.45 2050.0566104116474
46.46 2173.843713768661
46.47 2303.400566053102
46.48 2414.047167264971
46.49 2510.9105174042684
46.5 2630.534616470993
46.51 2748.0854644651454
46.52 2883.7440613867266
46.53 2974.1374072357353
46.54 3117.224502012172
46.55 3251.7583457160363
46.56 3348.282938347329
46.57 3441.3082799060494
46.58 3544.273370392197
46.59 3624.5062098057742
46.6 3694.139798146778
46.61 3804.4521354152103
46.62 3907.64022161107
46.63 4011.0210567343584
46.64 4075.5476407850742
46.65 4092.759973763218
46.66 4121.395055668789
46.67 4174.239886501789
46.68 4238.930466262216
46.69 4274.185794950072
46.7 4279.8378725653565
46.71 4243.353699108067
46.72 4195.274274578207
46.73 4201.292598975773
46.74 4204.193672300769
46.75 4171.762494553192
46.76 4148.465065733042
46.77 4097.300385840323
46.78 4003.070454875029
46.79 3914.323272837163
46.8 3834.1148397267257
46.81 3736.7141555437165
46.82 3673.7802202881358
46.83 3594.187033959982
46.84 3491.0845965592566
46.85 3347.794908085959
46.86 3244.7009685400885
46.87 3150.499777921647
46.88 3063.459336230633
46.89 2954.0236434670473
46.9 2812.519699630889
46.91 2712.656504722159
46.92 2578.973058740857
46.93 2457.596361686983
46.94 2333.332413560536
46.95 2218.012214361518
46.96 2090.5237640899277
46.97 1987.362062745765
46.98 1889.1861103290303
46.99 1786.891906839724
47.0 1702.2914522778449
47.01 1598.827746643394
47.02 1500.7257899363713
47.03 1397.5485821567759
47.04 1314.260123304609
47.05 1218.74441337987
47.06 1138.0994523825589
47.07 1062.8612403126754
47.08 982.69777717022
47.09 920.8120629551927
47.1 865.969097667593
47.11 822.2048813074215
47.12 752.1014138746779
47.13 687.7536953693623
47.14 637.0067257914743
47.15 599.3495051410143
47.16 566.6310334179824
47.17 528.1433106223784
47.18 478.02233675420234
47.19 436.07311181345415
47.2 401.369635800134
47.21 343.17290871424143
47.22 323.9539305557771
47.23 334.5637013247406
47.24 329.55622102113205
47.25 313.5754896449514
47.26 295.6975071961989
47.27 266.2962736748743
47.28 256.3887890809773
47.29 253.86105341450832
47.3 245.49606667546732
47.31 242.8308288638542
47.32 235.99233997966917
47.33 225.24960002291186
47.34 209.99160899358287
47.35 207.24036689168122
47.36 212.4248737172078
47.37 208.05912947016225
47.38 193.5861341505447
47.39 180.14488775835503
47.4 162.62339029359327
47.41 155.13564175625925
47.42 153.27564214635368
47.43 139.77539146387562
47.44 140.8248897088257
47.45 155.44113688120353
47.46 156.21113298100943
47.47 154.4258780082431
47.48 146.32537196290457
47.49 141.1066148449944
47.5 136.4716066545119
47.51 140.02434739145747
47.52 129.8498370558309
47.53 126.02107564763219
47.54 140.08906316686137
47.55 130.67079961351828
47.56 123.14628498760362
47.57 117.56551928911665
47.58 102.55150251805765
47.59 107.3782346744265
47.6 120.89471575822324
47.61 116.89494576944787
47.62 108.5179247081004
47.63 107.60665257418123
47.64 106.8711293676896
47.65 107.70835508862615
47.66 103.3873297369903
47.67 94.35705331278268
47.68 96.35252581600287
47.69 99.06374724665079
47.7 98.07171760472716
47.71 89.26643689023103
47.72 82.99290510316291
47.73 73.56612224352261
47.74 67.88908831131062
47.75 65.96080330652626
47.76 73.71726722916969
47.77 82.71448007924141
47.78 76.27344185674087
47.79 71.3271525616683
47.8 67.60661219402334
47.81 68.2948207538069
47.82 72.702778241018
47.83 67.86048465565693
47.84 64.48593999772413
47.85 65.08814426721904
47.86 57.64509746414194
47.87 58.347799588492535
47.88 64.0752506402714
47.89 69.70045061947815
47.9 68.94939952611253
47.91 72.36809736017494
47.92 68.6735441216656
47.93 67.26573981058402
47.94 56.86168442693008
47.95 52.62937797070447
47.96 58.77482044190651
47.97 57.15401184053644
47.98 51.836952166594415
47.99 49.32264142008046
48.0 45.650079600994104
48.01 54.75326670933589
48.02 67.71920274510592
48.03 66.06188770830352
48.04 57.82232159892874
48.05 46.12150441698225
48.06 40.69243616246388
48.07 51.07511683537291
48.08 53.01754643571019
48.09 51.999724963475614
48.1 45.14065241866865
48.11 42.640328801289456
48.12 46.73175411133843
48.13 50.72692834881548
48.14 52.20585151372006
48.15 45.490523606052875
48.16 53.98394462581348
48.17 60.48811457300235
48.18 56.233033447618595
48.19 49.483701249663
48.2 44.60611797913555
48.21 52.095283636035674
48.22 58.52319822036384
48.23 54.63186173212
48.24 57.33927417130428
48.25 48.77443553791602
48.26 41.95734583195599
48.27 39.050005053424
48.28 44.68741320231959
48.29 46.12757027864325
48.3 34.647476282394905
48.31 29.7311312135746
48.32 42.274535072181834
48.33 50.7436878582173
48.34 47.983589571680795
48.35 49.301240212571884
48.36 41.20663978089101
48.37 44.4047882766381
48.38 55.78668569981335
48.39 53.89933205041609
48.4 54.48272732844703
48.41 53.21587153390578
48.42 51.401764666792474
48.43 52.285406727107215
48.44 48.90079771484989
48.45 45.7569376300205
48.46 48.41082647261874
48.47 51.58746424264507
48.48 50.80085094009928
48.49 53.343986564981606
48.5 45.53587111729178
48.51 32.12750459702988
48.52 47.89288700419604
48.53 65.51501833878979
48.54 65.53589860081149
48.55 53.66752779026126
48.56 48.21990590713904
48.57 39.55003295144468
48.58 37.029908923178255
48.59 34.90853382233979
48.6 27.522907648929163
48.61 33.74403040294635
48.62 35.01790208439161
48.63 30.234522693264807
48.64 32.713892229565886
48.65 45.51801069329497
48.66 53.396878084451714
48.67 51.91649440303672
48.68 37.39785964904968
48.69 31.93697382249036
48.7 32.64783692335902
48.71 37.949448951655654
48.72 40.342809907380115
48.73 38.011919790532374
48.74 38.67877860111287
48.75 36.446386339121204
48.76 30.714743004557477
48.77 36.41784859742165
48.78 40.686703117713705
48.79 33.93630656543371
48.8 30.64965894058139
48.81 38.61376024315746
48.82 39.5326104731613
48.83 45.69220963059297
48.84 46.44255771545261
48.85 50.57865472774006
48.86 42.65950066745563
48.87 37.67409553459879
48.88 34.292439329170406
48.89 28.913532051169568
48.9 23.42637370059674
48.91 26.256964277451743
48.92 29.041303781734882
48.93 33.3763922134458
48.94 33.414229572584645
48.95 38.05881585915154
48.96 42.97715107314639
48.97 56.389235214569
48.98 53.44806828341939
48.99 56.52065027969809
49.0 48.982981203404506
49.01 43.57506105453865
49.02 46.3258898331012
49.03 42.53546753909143
49.04 37.993794172509524
49.05 45.4168697333555
49.06 46.89669422162967
49.07 43.66526763733157
49.08 42.46358998046128
49.09 40.05166125101914
49.1 37.78248144900499
49.11 51.470050574418565
49.12 57.94536862725988
49.13 58.66743560752957
49.14 51.75625151522706
49.15 45.034816350352116
49.16 47.13613011290545
49.17 48.80619280288681
49.18 45.3370044202959
49.19 49.95156496513266
49.2 44.185874437397956
49.21 37.44893283709075
49.22 41.435740164211325
49.23 42.42829641876017
49.24 50.39760160073695
49.25 49.03165571014165
49.26 39.21345874697397
49.27 39.265010711234595
49.28 41.32131160292295
49.29 40.115361422039086
49.3 41.615160168583316
49.31 34.265707842555685
49.32 34.6990044439558
49.33 43.42804997278358
49.34 41.30784442903962
49.35 46.52638781272344
49.36 46.75568012383519
49.37 36.76072136237485
49.38 36.28351152834273
49.39 44.29705062173821
49.4 41.677338642561494
49.41 24.679375590812924
49.42 23.090161466492532
49.43 41.25869626959957
49.44 48.5419800001348
49.45 43.581012658098075
49.46 46.51879424348908
49.47 39.12432475630783
49.48 29.163604196554843
49.49 28.19763256422982
49.5 30.454409859332372
49.51 35.72793608186305
49.52 44.39721123182187
49.53 47.39923530920839
49.54 45.54600831402263
49.55 46.53953024626503
49.56 47.93680110593539
49.57 45.129820893033525
49.58 44.725589607559755
49.59 42.386107249514
49.6 41.608373818895984
49.61 41.33738931570565
49.62 42.36615373994357
49.63 34.79066709160952
49.64 33.19492937070311
49.65 32.819940577224656
49.66 33.60670071117431
49.67 33.85520977255203
49.68 44.61146776135729
49.69 47.29447467759053
49.7 46.45323052125195
49.71 44.30073529234107
49.72 46.582988990857984
49.73 45.23699161680315
49.74 39.00574317017629
49.75 47.91824365097705
49.76 55.54049305920557
49.77 57.42849139486259
49.78 60.27823865794744
49.79 55.9117348484599
49.8 54.09897996640029
49.81 49.64697401176886
49.82 48.22171698456543
49.83 49.66520888478965
49.84 51.615449712442
49.85 57.18943946752199
49.86 52.57017815002985
49.87 48.20966575996613
49.88 51.03490229733029
49.89 57.66688776212186
49.9 63.58762215434149
49.91 63.960105473989415
49.92 64.8653377210652
49.93 70.07431889556858
49.94 72.91604899749996
49.95 76.81952802685953
49.96 80.81175598364712
49.97 73.48073286786212
49.98 68.9464586795051
49.99 72.56593341857649
50.0 67.62015708507533
50.01 60.035129679002466
50.02 75.47285120035758
50.03 82.34532164914026
50.04 90.7945410253509
50.05 88.67050932898974
50.06 78.24922656005651
50.07 75.62769271855086
50.08 76.30490780447315
50.09 79.6218718178236
50.1 81.95458475860221
50.11 85.97404662680822
50.12 86.19525742244218
50.13 70.35321714550457
50.14 74.62792579599432
50.15 83.46438337391248
50.16 87.95858987925817
50.17 89.25654531203213
50.18 87.1312496722336
50.19 78.4657029598635
50.2 72.14990517492129
50.21 76.15085631740658
50.22 84.80955638731973
50.23 86.09800538466129
50.24 83.16320330943074
50.25 77.84215016162784
50.26 66.46584594125284
50.27 58.90329064830598
50.28 52.348484282786785
50.29 49.324426844695836
50.3 51.190118334032604
50.31 44.157558750797534
50.32 45.98674809499005
50.33 52.38768636661075
50.34 46.57137356565954
50.35 36.97180969213582
50.36 38.72699474604008
50.37 48.33292872737252
50.38 51.50861163613297
50.39 52.57704347232084
50.4 40.70922423593686
50.41 32.25415392698062
50.42 43.8568325454529
50.43 53.90526009135283
50.44 43.29543656468047
50.45 37.49436196543638
50.46 38.79503629361989
50.47 41.969459549231715
50.48 44.49463173227093
50.49 52.77855284273858
50.5 53.28122288063378
50.51 48.90664184595721
50.52 42.52680973870861
50.53 39.921726558887485
50.54 38.48439230649444
50.55 40.56980698152927
50.56 38.26197058399225
50.57 36.131883113883305
50.58 37.047544571202025
50.59 33.428954955948825
50.6 27.361114268123288
50.61 33.273022507725955
50.62 39.60967967475631
50.63 46.009085769214835
50.64 48.37624079110094
50.65 45.64914474041541
50.66 45.23379761715739
50.67 37.065199421327634
50.68 30.442350152925542
50.69 36.91424981195132
50.7 35.780898398405384
50.71 30.61429591228739
50.72 37.6924423535969
50.73 42.04533772233435
50.74 39.51298201850011
50.75 31.255375242093805
50.76 33.040517393115124
50.77 39.63840847156462
50.78 45.17304847744174
50.79 51.09143741074706
50.8 54.6015752714801
50.81 48.46446205964128
50.82 37.76209777523013
50.83 39.5804824182469
50.84 48.015615988691934
50.85 45.14149848656484
50.86 40.663129911865326
50.87 54.15351026459382
50.88 54.1196395447505
50.89 47.28551775233518
50.9 53.89014488734733
50.91 59.41352094978754
50.92 59.24464593965604
50.93 49.793519856952344
50.94 45.801142701676326
50.95 47.54651447382844
50.96 56.78363517340824
50.97 52.9335048004159
50.98 49.8651233548519
50.99 39.59149083671582
51.0 44.73160724600734
51.01 60.821472582726756
51.02 60.11808684687446
51.03 46.48245003845011
51.04 43.06956215745322
51.05 36.52042320388432
51.06 33.72403317774376
51.07 35.12839207903107
51.08 41.134499907745976
51.09 48.53235666388912
51.1 42.15196234745997
51.11 37.46231695845859
51.12 37.49142049688555
51.13 35.13627296274046
51.14 30.14387435602282
51.15 27.64322467673321
51.16 35.12532392487185
51.17 39.48317210043842
51.18 43.72876920343265
51.19 41.08511523385471
51.2 29.525210191705014
51.21 24.015054076983347
51.22 27.812646889689177
51.23 30.052988629823062
51.24 29.054079297384988
51.25 32.56791889237479
51.26 27.21750741479252
51.27 29.536844864638397
51.28 28.75493124191189
51.29 28.550766546613204
51.3 29.447350778742816
51.31 36.89968393830043
51.32 40.1517660252855
51.33 43.74459703969853
51.34 44.51717698153993
51.35 39.54250585080911
51.36 33.42458364750587
51.37 38.85341037163073
51.38 42.98998602318363
51.39 44.69731060216441
51.4 46.584384108573204
51.41 51.357206542409585
51.42 52.23177790367447
51.43 52.45709819236674
51.44 44.62416740848721
51.45 35.882985552035734
51.46 39.75755262301186
51.47 47.45886862141583
51.48 46.51993354724823
51.49 45.137747400508374
51.5 47.128310181196184
51.51 53.70162188931192
51.52 56.4016825248558
51.53 57.191492087827555
51.54 61.86505057822728
51.55 64.03335799605475
51.56 71.50141434131035
51.57 83.10621961399363
51.58 88.7637738141052
51.59 78.27607694164476
51.6 74.7891289966118
51.61 75.47992997900678
51.62 80.19747988883
51.63 82.28577872608105
51.64 88.30782649075991
51.65 94.98762318286663
51.66 96.2891688024016
51.67 87.07146334936408
51.68 79.82550682375495
51.69 85.40929922557336
51.7 95.22284055481998
51.71 93.14613081149423
51.72 91.3281699955968
51.73 99.20595810712678
51.74 101.00749514608515
51.75 100.15778111247107
51.76 101.7118160062854
51.77 91.9615998275275
51.78 78.63113257619716
51.79 88.8774142522949
51.8 101.86344485582072
51.81 99.12422438677424
51.82 97.43875284515605
51.83 93.49803023096536
51.84 93.56605654420298
51.85 91.63383178486822
51.86 87.94535595296168
51.87 85.78862904848268
51.88 82.35465107143204
51.89 70.79942202180894
51.9 68.99294189961415
51.91 67.43721070484696
51.92 70.61322843750793
51.93 69.51999509759662
51.94 55.701510685113476
51.95 51.09777520005787
51.96 58.454788642430685
51.97 60.56755101223098
51.98 53.1670623094592
51.99 48.58832253411572
52.0 50.36333168620024
52.01 49.30608976571216
52.02 38.13159677265253
52.03 40.47785270702036
52.04 48.36485756881655
52.05 37.315611358040314
52.06 27.32411407469226
52.07 21.723365718771902
52.08 23.873366290279705
52.09 30.300115789215056
52.1 23.392614215578874
52.11 24.067861569370166
52.12 23.733857850589402
52.13 20.58160305923684
52.14 20.242097195312112
52.15 23.042340258815216
52.16 23.514332249746076
52.17 24.34307316810532
52.18 28.398563013892385
52.19 24.540801787107057
52.2 27.925789487749967
52.21 32.96852611582062
52.22 32.37501167131916
52.23 28.99524615424582
52.24 28.182229564600448
52.25 18.90196190238271
52.26 14.517443167592887
52.27 17.046673360231352
52.28 18.21965248029767
52.29 18.52638052779173
52.3 14.596857502713533
52.31 10.089083405063775
52.32 4.7000582348417765
52.33 11.902781992047494
52.34 20.02725467668131
52.35 19.67747628874281
52.36 23.757446828232332
52.37 21.20616629515007
52.38 21.016634689495618
52.39 31.715852011268908
52.4 36.33081826046998
52.41 27.928533437099418
52.42 17.325997541156767
52.43 10.075210572641708
52.44 9.913172531554551
52.45 11.12288341789565
52.46 9.275343231664692
52.47 13.350551972861354
52.48 18.28550964148576
52.49 25.607216237538637
52.5 35.097671761019114
52.51 33.68587621192785
52.52 21.948829590264268
52.53 13.402531896028563
52.54 10.991983129220671
52.55 13.909183289841053
52.56 18.057132377889275
52.57 18.382830393365225
52.58 23.75327733626898
52.59 24.23347320660116
52.6 15.942418004361116
52.61 21.50111172954871
52.62 25.46655438216419
52.63 27.502745962207996
52.64 28.671686469679344
52.65 21.979375904579
52.66 15.160814266906186
52.67 6.755001556661682
52.68 4.727937773844701
52.69 10.993622918456026
52.7 17.212056990495284
52.71 16.370239989962215
52.72 23.321171916856997
52.73 36.89085277118011
52.74 35.597282552931006
52.75 27.993461262109463
52.76 30.246388898716077
52.77 29.946065462750767
52.78 18.363490954213148
52.79 8.871665373103724
52.8 7.25758871942196
52.81 2.0842609931683
52.82 -3.099317805657506
52.83 -1.9221476770553636
52.84 2.9367713789749814
52.85 5.9684393624327186
52.86 3.1608562733184726
52.87 8.558022111632454
52.88 8.606936877374437
52.89 -1.4953994294561426
52.9 -5.572986808858559
52.91 2.012174739167108
52.92 0.021085214620370607
52.93 -4.370255382498044
52.94 -6.25184705218885
52.95 -5.95368979445152
52.96 -1.5427836092865164
52.97 -6.924128496693243
52.98 -10.420724456672247
52.99 -0.24457148922317629
53.0 11.040330405653549
53.01 10.593981227958466
53.02 12.11038097769142
53.03 9.240529654851798
53.04 9.929427259440217
53.05 11.753073791457041
53.06 6.809469250901202
53.07 3.6716136377738167
53.08 2.3525069520738953
53.09 3.84014919380229
53.1 6.958540362958274
53.11 0.7636804595424564
53.12 3.699569483554342
53.13 13.13620743499439
53.14 11.209594313862112
53.15 9.615730120157991
53.16 15.763614853881563
53.17 17.917248515033293
53.18 11.788631103612715
53.19 8.397762619620266
53.2 4.910643063055659
53.21 5.880272433919004
53.22 6.362650732210113
53.23 1.7397779579291637
53.24 2.3466541110764183
53.25 3.322279191651546
53.26 4.507653199654442
53.27 4.908776135085418
53.28 4.810647997944102
53.29 5.02526878823096
53.3 2.288638505945528
53.31 -2.017242848911792
53.32 -1.6263752763413777
53.33 4.124241223657123
53.34 5.190606651083272
53.35 6.57672100593777
53.36 9.82558428821983
53.37 5.964196497929947
53.38 -2.6854423649318733
53.39 -9.639332300365709
53.4 -7.496473308371947
53.41 -2.5208653889502557
53.42 -1.1105085421003196
53.43 -1.303402767822604
53.44 -0.27754806611699223
53.45 -1.86894443698327
53.46 -9.903591880421914
53.47 -8.605490396432401
53.48 -6.51963998501526
53.49 -7.6880406461698385
53.5 -13.401692379896872
53.51 -10.490595186195833
53.52 -2.0867490650666696
53.53 1.5218459834904934
53.54 1.7781899594750712
53.55 4.83428286288779
53.56 1.1671246937286242
53.57 2.3087154519975
53.58 -2.236944862306018
53.59 0.02514375081864273
53.6 2.1329812913709247
53.61 -0.44143224064850983
53.62 2.974903154759545
53.63 13.601987477595912
53.64 12.02282072785988
53.65 -1.6615970944480978
53.66 -3.5202659893279815
53.67 -4.6991859567799565
53.68 -4.227356996804133
53.69 -6.406779109400645
53.7 -12.998452294568665
53.71 -11.815376552308976
53.72 -9.944551882621454
53.73 -9.756978285506193
53.74 -2.9346557609626416
53.75 -1.2245843089910977
53.76 -8.97276392959202
53.77 -9.7571946227647
53.78 -9.128876388509752
53.79 -10.575809226826891
53.8 -7.4209931377157545
53.81 -4.215428121176728
53.82 -2.1701141772100527
53.83 3.499948694184468
53.84 4.312760493007318
53.85 9.237321219258092
53.86 9.737630872936506
53.87 2.1196894540428275
53.88 -2.5085030374226562
53.89 1.467053398539747
53.9 5.914358761929861
53.91 3.35141305274783
53.92 2.6552162709940603
53.93 -1.3102315833320972
53.94 -5.109930510230015
53.95 -6.45288050969998
53.96 1.691918418257501
53.97 3.7574662736432174
53.98 12.213763056456969
53.99 10.815808766698638
54.0 2.040603404367971
54.01 1.112146969465357
54.02 3.234439461990746
54.03 1.1714808819439213
54.04 6.123271229325269
54.05 14.062810504134177
54.06 7.887098706371376
54.07 7.238135836036236
54.08 16.43892189312919
54.09 15.331456877650226
54.1 12.185740789598754
54.11 7.861773628975357
54.12 6.473555395780068
54.13 9.48608609001269
54.14 17.298365711673
54.15 26.29339426076126
54.16 30.594171737277634
54.17 34.63069814122184
54.18 37.45397347259416
54.19 33.725997731394045
54.2 21.680770917622112
54.21 16.356293031278028
54.22 18.948564072361933
54.23 22.882584040873553
54.24 25.238352936813385
54.25 23.839870760181043
54.26 31.28513751097671
54.27 40.16015318920029
54.28 38.19991779485156
54.29 36.198431327930734
54.3 38.997693788438255
54.31 41.16970517637321
54.32 35.31846549173656
54.33 32.681974734527444
54.34 35.673232904746556
54.35 33.65724000239334
54.36 22.12099602746821
54.37 18.9985009799708
54.38 25.479754859901618
54.39 27.954757667260196
54.4 31.88950940204677
54.41 32.06301006426111
54.42 34.13625965390372
54.43 33.86525817097379
54.44 35.60700561547219
54.45 39.623501987398186
54.46 36.32074728675252
54.47 32.65374151353433
54.48 27.230484667744122
54.49 22.28997674938205
54.5 15.709217758448062
54.51 14.690207694941591
54.52 23.47694655886346
54.53 30.251434350212776
54.54 33.12067106899042
54.55 33.14765671519581
54.56 39.272391288829226
54.57 31.467874789890402
54.58 25.374107218379663
54.59 29.04908857429666
54.6 33.59281885764187
54.61 31.49529806841474
54.62 23.753526206615447
54.63 24.080503272244414
54.64 25.858229265301247
54.65 27.69570418578587
54.66 30.780928033698387
54.67 28.730900809038985
54.68 24.352622511807567
54.69 22.379093142003853
54.7 23.143312699628382
54.71 24.317281184680496
54.72 32.91299859716071
54.73 32.99846493706866
54.74 19.026680204404784
54.75 20.183644399168543
54.76 29.830357521360384
54.77 31.542819570980328
54.78 25.510030548028112
54.79 22.46499045250357
54.8 32.38669928440709
54.81 38.238157043738624
54.82 40.78136373049824
54.83 48.38031934468552
54.84 48.45302388630091
54.85 45.487477355344026
54.86 49.98567975181527
54.87 59.4416310757141
54.88 60.51533132704128
54.89 57.156780505796064
54.9 54.092978611978765
54.91 57.902925645589676
54.92 56.235621606628456
54.93 58.24006649509488
54.94 54.10726031098943
54.95 52.272203054311944
54.96 57.32489472506239
54.97 63.02033532324066
54.98 66.45252484884679
54.99 74.81846330188102
55.0 73.18115068234317
55.01 68.47758699023314
55.02 63.19277222555121
55.03 62.26370638829701
55.04 58.042389478470625
55.05 64.90282149607253
55.06 72.13300244110229
55.07 65.85393231355977
55.08 62.93861111344512
55.09 72.15703884075867
55.1 73.51321549550016
55.11 75.86214107766932
55.12 85.95081558726639
55.13 88.34323902429168
55.14 89.75541138874479
55.15 87.15433268062571
55.16 81.13500289993453
55.17 79.61742204667144
55.18 83.49559012083614
55.19 88.65750712242885
55.2 84.1621730514496
55.21 78.07758790789808
55.22 78.99475169177441
55.23 84.64666440307894
55.24 85.24532604181138
55.25 83.36673660797146
55.26 79.1208961015596
55.27 80.18480452257569
55.28 81.23546187101982
55.29 78.92986814689169
55.3 81.70702335019155
55.31 87.11992748091939
55.32 86.65358053907505
55.33 83.93998252465872
55.34 87.43013343767046
55.35 81.8640332781099
55.36 76.73668204597726
55.37 73.55707974127267
55.38 65.24622636399613
55.39 64.16312191414715
55.4 71.47976639172612
55.41 69.94015979673333
55.42 60.47130212916841
55.43 56.18419338903129
55.44 61.844833576321946
55.45 66.76822269104093
55.46 66.23636073318744
55.47 61.16424770276217
55.48 64.23688359976461
55.49 70.40426842419515
55.5 72.8424021760535
55.51 70.29028485533996
55.52 58.36991646205422
55.53 48.77029699619629
55.54 49.834426457766426
55.55 53.42130484676454
55.56 55.70793216319055
55.57 58.90530840704429
55.58 59.07143357832604
55.59 64.76730767703589
55.6 65.93393070317347
55.61 57.2313026567391
55.62 55.09442353773244
55.63 54.215293346154056
55.64 55.09491208200325
55.65 53.565279745280804
55.66 44.873396335985774
55.67 40.88326185411904
55.68 41.510876299680035
55.69 42.88423967266908
55.7 40.81135197308595
55.71 39.30221320093091
55.72 41.390823356203555
55.73 42.52418243890406
55.74 40.31829044903293
55.75 40.581147386589464
55.76 34.90475325157382
55.77 32.405108043986445
55.78 29.21321176382662
55.79 21.830064411094952
55.8 24.427665985791066
55.81 33.19101648791525
55.82 41.19211591746716
55.83 48.46396427444722
55.84 48.393561558855026
55.85 43.29390777069102
55.86 40.890002909954546
55.87 36.59584697664616
55.88 42.69443997076587
55.89 49.94078189231345
55.9 53.07187274128876
55.91 54.5527125176921
55.92 50.52130122152346
55.93 51.667638852782716
55.94 60.05172541146976
55.95 60.49256089758501
55.96 64.20314531112791
55.97 61.61847865209887
55.98 54.904560920497715
55.99 50.690392116324574
56.0 54.116972239579184
56.01 64.56130129026167
56.02 64.74837926837233
56.03 69.4612061739108
56.04 77.75378200687726
56.05 73.40410676727151
56.06 73.22318045509383
56.07 75.1450030703441
56.08 77.22257461302212
56.09 82.60289508312826
56.1 88.70696448066212
56.11 81.54378280562412
56.12 76.93235005801387
56.13 82.0486662378317
56.14 86.10773134507718
56.15 85.75654537975072
56.16 84.81610834185238
56.17 84.65242023138194
56.18 84.56948104833918
56.19 83.0962907927244
56.2 86.36784946453764
56.21 93.66615706377894
56.22 93.56021359044786
56.23 89.7430190445449
56.24 73.59757342606986
56.25 66.41487673502274
56.26 74.12592897140348
56.27 76.39173013521224
56.28 69.26628022644883
56.29 69.39657924511323
56.3 69.39362719120584
56.31 62.3184240647264
56.32 56.311969865674655
56.33 57.663264594050816
56.34 65.24430824985507
56.35 64.50010083308723
56.36 58.285642343747156
56.37 55.76993278183505
56.38 49.395972147351074
56.39 43.113760440294925
56.4 35.93229766066662
56.41 36.396583808466175
56.42 41.556618883693886
56.43 36.62540288634932
56.44 36.98193581643284
56.45 43.09221767394433
56.46 48.51624845888358
56.47 44.259028171250634
56.48 35.91455681104594
56.49 30.94683437826916
56.5 33.52286087291998
56.51 30.54363629499892
56.52 24.2211606445058
56.53 25.377433921440684
56.54 21.8434561258033
56.55 20.360227257593806
56.56 24.974747316812454
56.57 30.445016303458942
56.58 27.619034217533397
56.59 27.248801059035827
56.6 26.62131682796604
56.61 24.443581524324088
56.62 22.103595148110344
56.63 16.427357699324432
56.64 18.478869177966317
56.65 27.424129584036166
56.66 23.62513891753406
56.67 13.52789717845991
56.68 6.256404366813456
56.69 9.020660482594963
56.7 16.361665525804597
56.71 6.674419496441999
56.72 8.95792239450742
56.73 20.880174220000697
56.74 25.173174972922027
56.75 28.291924653271053
56.76 23.35942326104822
56.77 17.657670796253342
56.78 14.836667258886166
56.79 13.667412648946936
56.8 15.659906966435813
56.81 15.128150211352647
56.82 11.790142383697173
56.83 14.883883483469674
56.84 21.726373510670157
56.85 26.4796124652986
56.86 27.704600347354983
56.87 28.674337156839158
56.88 27.634822893751505
56.89 17.993057558091493
56.9 12.568041149859653
56.91 18.627773669055557
56.92 25.202255115679577
56.93 27.554485489731235
56.94 25.852464791211162
56.95 39.27519302011888
56.96 46.65267017645431
56.97 45.76189626021778
56.98 38.62787127140922
56.99 40.585595210028714
57.0 41.53906807607598
57.01 41.14528986955122
57.02 49.30126059045449
57.03 42.88898023878545
57.04 32.2984488145446
57.05 31.861666317731363
57.06 42.78463274834644
57.07 51.243348106389135
57.08 52.453812391859856
57.09 53.31602560475869
57.1 59.18498774508515
57.11 55.94169881283949
57.12 63.89415880802187
57.13 70.46836773063234
57.14 68.74332558067061
57.15 70.45003235813681
57.16 72.2304880630308
57.17 71.73969269535297
57.18 71.29464625510298
57.19 71.95034874228077
57.2 70.85380015688679
57.21 68.3360004989205
57.22 66.9029497683822
57.23 57.17864796527169
57.24 61.9090950895893
57.25 63.034291141334734
57.26 59.05223612050804
57.27 53.231930027109456
57.28 51.354372861138756
57.29 52.06056462259585
57.3 48.39550531148086
57.31 47.96419492779387
57.32 49.71063347153489
57.33 52.4978209427037
57.34 55.3557573413006
57.35 51.51644266732529
57.36 46.29787692077804
57.37 52.50806010165849
57.38 51.73999220996711
57.39 58.805673245703474
57.4 58.6251032088677
57.41 48.33328209946012
57.42 39.56120991748037
57.43 34.56088666292834
57.44 30.168312335804387
57.45 29.869486936108444
57.46 35.0394104638404
57.47 39.30808291900024
57.48 33.23850430158785
57.49 24.419674611603625
57.5 21.38059384904733
57.51 20.242262013918776
57.52 18.22967910621827
57.53 14.898845125945627
57.54 18.226760073100877
57.55 21.293423947684232
57.56 16.38883674969543
57.57 12.907998479134449
57.58 7.436909136001418
57.59 8.226568720296427
57.6 7.945977232019345
57.61 7.68413467117017
57.62 5.535041037748783
57.63 8.358696331755539
57.64 12.23410055319016
57.65 5.500253702052589
57.66 1.647155778342949
57.67 2.3238067820613537
57.68 -3.0307932867924023
57.69 1.2233555717818945
57.7 8.991253357784103
57.71 8.196900071214088
57.72 4.869295712072017
57.73 1.62644028035794
57.74 2.164333776071885
57.75 2.662976199213631
57.76 1.8373675497832096
57.77 5.970507827780921
57.78 5.840397033206557
57.79 5.827035166059943
57.8 5.9744222263412325
57.81 1.0645582140506349
57.82 -7.718556870812222
57.83 -14.382923028246921
57.84 -7.371540258253731
57.85 2.8785914391671668
57.86 -1.833527935983966
57.87 -0.13489838370696816
57.88 6.159480095997878
57.89 5.1286075031305245
57.9 3.592483837691134
57.91 6.920109099679735
57.92 0.9374832890963489
57.93 -3.6183935940592846
57.94 -2.947521549786927
57.95 -6.220900578086628
57.96 -5.444530678958415
57.97 -1.7294118524022792
57.98 1.6404559015816744
57.99 3.7050725829938074
58.0 5.182438191833683
58.01 4.83955272810158
58.02 3.8424161917973834
58.03 0.4000285829210384
58.04 -2.5596100985274575
58.05 0.5205001474521964
58.06 3.1873593208596844
58.07 3.7109674216949884
58.08 3.8593244499583648
58.09 7.597430405649618
58.1 12.227285288768769
58.11 8.590889099315916
58.12 1.7742418372909015
58.13 -2.766656497306087
58.14 6.212194095524751
58.15 8.915793615783628
58.16 6.750142063470321
58.17 6.817239438585034
58.18 4.264085741127474
58.19 1.576680971098142
58.2 -3.990974871503397
58.21 -5.2798817866771515
58.22 -10.058039774422866
58.23 -10.717448834740708
58.24 1.6028910323694845
58.25 -0.9340201730923354
58.26 -7.0981824511264335
58.27 -3.345595801732486
58.28 -5.012260224910676
58.29 -7.3891757206607735
58.3 -8.675342288983188
58.31 -8.503759929877504
58.32 -5.396428643343995
58.33 -8.276348429382438
58.34 -9.882519287992977
58.35 -5.082941219175723
58.36 -0.4006142229305283
58.37 1.0714617007425886
58.38 -6.1357134481562525
58.39 -4.733139669627121
58.4 1.3921830363297545
58.41 1.1162546697146354
58.42 0.0600752305275023
58.43 -9.781355281231754
58.44 -19.862036865563084
58.45 -10.82496952246646
58.46 -8.760153251942086
58.47 -14.205588053989572
58.48 -11.381273928609176
58.49 -10.019210875800809
58.5 -12.290398895564635
58.51 -11.183837987900574
58.52 -8.634528152808514
58.53 -12.14246939028834
58.54 -16.310661700340518
58.55 -7.742105082964713
58.56 2.512200461839143
58.57 2.8792549340708433
58.58 -5.202941666269567
58.59 -15.52238933918187
58.6 -18.883088084666554
58.61 -11.20603790272304
58.62 -2.955238793351782
58.63 -6.933690756552437
58.64 -6.249393792325293
58.65 2.7486520993297177
58.66 2.0624469184127747
58.67 -2.666009335076126
58.68 -12.196716661137316
58.69 -24.864675059770548
58.7 -24.77788453097571
58.71 -17.31434507475302
58.72 -12.95305669110246
58.73 -12.883019380024052
58.74 -5.047233141517552
58.75 -1.3186979755831203
58.76 -1.5344138822208038
58.77 -4.588380861430551
58.78 -3.0315989132124628
58.79 -8.25206803756646
58.8 -15.717788234492389
58.81 -17.3117595039904
58.82 -13.636981846060564
58.83 -7.853455260702788
58.84 -11.093179747917077
58.85 -10.707155307703374
58.86 -1.3863819400618809
58.87 2.7381403550075447
58.88 2.52641157750503
58.89 -0.835568272569617
58.9 -3.7277991952163916
58.91 -6.819281190435277
58.92 -4.109014258226068
58.93 -4.568998398589088
58.94 -7.044233611524135
58.95 -1.4657198970311356
58.96 5.511542744889653
58.97 7.33355431423837
58.98 6.111314811015063
58.99 4.363824235219738
59.0 8.241082586852258
59.01 12.50408986591259
59.02 10.054846072401006
59.03 6.872351206317433
59.04 0.3066052676614959
59.05 -3.011391743566321
59.06 0.414360172633792
59.07 -0.49713898373823895
59.08 6.746110787317718
59.09 5.921109485801651
59.1 -1.8521428882866076
59.11 0.39935366505307
59.12 0.8765991458207623
59.13 -0.16240644598360632
59.14 -0.4526631103602199
59.15 -3.244170847308851
59.16 -5.600929656829408
59.17 2.493060461077846
59.18 7.654799506413042
59.19 3.0582874791761014
59.2 5.7115243793672335
59.21 4.809510206986147
59.22 -8.970755037966967
59.23 -8.336271355492215
59.24 2.6569612544106462
59.25 8.769942791741357
59.26 7.5746732564999775
59.27 -1.5958473513134095
59.28 -2.850619031699125
59.29 1.5533582153432803
59.3 3.985084389813551
59.31 -1.551440508288124
59.32 -4.475216478961954
59.33 -4.165243522207959
59.34 -1.9105216380258412
59.35 3.2449491735839615
59.36 -1.2938310873781234
59.37 -9.774862420912314
59.38 -8.075144827018562
59.39 -9.039678305696953
59.4 -8.948462856947344
59.41 -6.785498480769945
59.42 -8.020785177164441
59.43 -11.921322946131113
59.44 -5.38611178766979
59.45 -0.8221517017806264
59.46 -6.477442688463441
59.47 -3.7899847477185062
59.48 -1.543777879545587
59.49 -5.392822083944566
59.5 -7.346117360915741
59.51 -7.804663710458954
59.52 -8.654461132574227
59.53 -10.380509627261745
59.54 -14.271809194521097
59.55 -17.13035983435276
59.56 -11.501161546756293
59.57 -10.716214331732033
59.58 -12.962518189279763
59.59 -15.686073119399566
59.6 -16.059879122091445
59.61 -11.687936197355555
59.62 -4.496244345191656
59.63 -7.08580356559969
59.64 -8.549613858579903
59.65 -9.674675224132102
59.66 -19.697987662256594
59.67 -18.199551172952965
59.68 -11.174365756221448
59.69 -13.842431412062012
59.7 -17.918748140474634
59.71 -20.04231594145938
59.72 -17.511134815016135
59.73 -17.66520476114505
59.74 -19.693525779845913
59.75 -9.793097871119016
59.76 -7.050921034964176
59.77 -13.832995271381265
59.78 -16.64232058037055
59.79 -17.749896961931768
59.8 -16.004724416065244
59.81 -19.082802942770684
59.82 -13.187132542048175
59.83 -9.071713213897851
59.84 -18.48754495831946
59.85 -23.466627775313327
59.86 -24.580961664879055
59.87 -22.83554662701698
59.88 -17.420382661726876
59.89 -9.345469769009014
59.9 -9.012807948863156
59.91 -15.314397201289296
59.92 -19.290237526287626
59.93 -13.224328923857968
59.94 -7.486671394000439
59.95 -8.604264936714856
59.96 -6.568109552001431
59.97 1.8467947601398578
59.98 3.4744479997091275
59.99 1.004850166706376
60.0 5.471001261131562
60.01 1.749901282984581
60.02 -4.827449767734379
60.03 -7.847051891025501
60.04 -6.625905086888736
60.05 -0.5480093553238703
60.06 8.615635303668796
60.07 14.825028890089413
60.08 11.937171403937896
60.09 14.039062845214403
60.1 19.831703213918843
60.11 17.042092510051077
60.12 21.97323073361133
60.13 27.984117884599584
60.14 26.68675396301569
60.15 25.505138968859683
60.16 30.548272902131544
60.17 32.29815576283147
60.18 31.044787550959256
60.19 31.552168266515025
60.2 26.186297909498705
60.21 28.205176479910335
60.22 29.187803977749695
60.23 25.85418040301721
60.24 26.65330575571261
60.25 30.32618003583582
60.26 27.875803243387054
60.27 23.920175378366253
60.28 29.21929644077329
60.29 29.993166430608255
60.3 28.435785347871104
60.31 30.878153192562024
60.32 35.2982699646808
60.33 33.04213566422749
60.34 36.664750291202154
60.35 39.41111384560469
60.36 37.789226327435074
60.37 44.54208773669353
60.38 49.40569807337994
60.39 40.31805733749417
60.4 36.118165529036276
60.41 37.11102264800644
60.42 30.150628694404475
60.43 26.26698366823041
60.44 28.214087569484263
60.45 29.709940398166054
60.46 28.358542154275824
60.47 30.460892837813446
60.48 26.414992448779003
60.49 24.58084098717262
60.5 27.681438452993916
60.51 27.596784846243395
60.52 21.905880166920724
60.53 19.54272441502593
60.54 21.049317590558985
60.55 22.619659693520134
60.56 14.819750723909124
60.57 13.166590681726007
60.58 17.67217956697084
60.59 18.16051737964358
60.6 15.013604119744343
60.61 10.774439787272968
60.62 9.018024382229498
60.63 11.679357904613994
60.64 20.126440354426336
60.65 24.48727173166668
60.66 16.206852036334965
60.67 13.302181268431184
60.68 13.082259427955307
60.69 2.1780865149073634
60.7 3.2116625292873664
60.71 15.281987471095192
60.72 14.955061340330928
60.73 10.354884136994656
60.74 7.980455861086398
60.75 3.07077651260596
60.76 -3.022153908446569
60.77 -1.3103354020710754
60.78 3.3772320317322055
60.79 3.793548392963544
60.8 13.742613681622743
60.81 20.520427897709965
60.82 20.406991041225012
60.83 23.580303112168053
60.84 24.374364110539034
60.85 31.128174036337782
60.86 26.296732889564566
60.87 18.87304067021921
60.88 21.59009737830189
60.89 26.26690301381251
60.9 31.220457576750903
60.91 29.097761067117347
60.92 23.64181348491161
60.93 24.75461483013396
60.94 31.66216510278406
60.95 36.20446430286222
60.96 38.3035124303683
60.97 48.17730948530232
60.98 51.606855467664104
60.99 57.10815037745391
61.0 67.77019421467168
61.01 74.7849869793173
61.02 71.59752867139093
61.03 75.40581929089257
61.04 86.48285883782194
61.05 94.86664731217928
61.06 103.22118471396448
61.07 113.32147104317778
61.08 124.08150629981901
61.09 130.9802904838881
61.1 137.76082359538503
61.11 145.65410563431004
61.12 158.48713660066278
61.13 174.66491649444362
61.14 188.9434453156523
61.15 208.9637230642889
61.16 226.7087497403536
61.17 236.6595253438461
61.18 246.0060498747664
61.19 259.5543233331148
61.2 269.00434571889105
61.21 285.0141170320952
61.22 300.1206372727274
61.23 319.0719064407873
61.24 335.87792453627526
61.25 354.0146915591913
61.26 365.935207509535
61.27 372.93047238730685
61.28 386.93348619250645
61.29 396.98724892513405
61.3 403.3997605851896
61.31 407.1770211726731
61.32 423.50203068758435
61.33 447.45578912992374
61.34 469.27429649969093
61.35 472.4005527968862
61.36 474.4825580215092
61.37 476.66131217356013
61.38 488.4878152530392
61.39 500.656067259946
61.4 506.11506819428075
61.41 505.4968180560435
61.42 519.7483168452341
61.43 530.6935645618527
61.44 527.4855612058992
61.45 525.6703067773736
61.46 519.953801276276
61.47 515.9270447026063
61.48 518.0150370563645
61.49 520.5877783375506
61.5 514.0472685461646
61.51 510.3195076822065
61.52 506.9634957456764
61.53 503.5332327365743
61.54 491.94971865490004
61.55 478.9599535006537
61.56 481.5959372738353
61.57 469.2166699744448
61.58 443.8131516024823
61.59 432.3363821579477
61.6 412.64336164084096
61.61 392.0690900511621
61.62 383.7645673889114
61.63 367.0097936540884
61.64 352.1057688466935
61.65 343.55649296672647
61.66 324.4029660141873
61.67 310.4261879890761
61.68 303.14215889139274
61.69 289.3778787211374
61.7 269.12834747830993
61.71 265.22956516291043
61.72 247.47853177493886
61.73 228.1972473143952
61.74 215.5397117812796
61.75 196.93492517559167
61.76 191.6148874973319
61.77 185.8695987464999
61.78 171.13505892309587
61.79 154.80026802711978
61.8 146.28822605857164
61.81 138.9099330174514
61.82 121.56138890375905
61.83 102.16159371749461
61.84 89.72454745865815
61.85 81.38825012724959
61.86 76.47870172326907
61.87 70.21790224671633
61.88 62.62185169759158
61.89 57.03455007589474
61.9 52.412997381625814
61.91 47.442193614784856
61.92 39.393138775371824
61.93 35.5528328633867
61.94 32.46727587882947
61.95 29.521467821700185
61.96 27.31940869199883
61.97 22.163098489725428
61.98 11.462537214879887
61.99 8.852724867462314
62.0 6.248661447472728
