2theta back_cor
35.0 203.66798587481844
35.01 214.33909423260366
35.02 229.24995021510927
35.03 221.60955382233533
35.04 209.74790505428155
35.05 214.83000391094856
35.06 235.21185039233637
35.07 230.0324444984442
35.08 229.26178622927182
35.09 237.54087558482092
35.1 237.8187125650902
35.11 245.16029717007973
35.12 260.4616293997897
35.13 280.73370925422023
35.14 314.69953673337113
35.15 338.95011183724273
35.16 328.2814345658344
35.17 304.15950491914714
35.18 304.2603228971798
35.19 304.28188849993285
35.2 310.5692017274066
35.21 326.335262579601
35.22 294.3240710565151
35.23 264.16162715815017
35.24 306.04493088450613
35.25 325.64298223558194
35.26 305.5857812113777
35.27 312.990327811895
35.28 321.33462203713225
35.29 318.31766388709
35.3 315.35945336176815
35.31 313.6099904611672
35.32 303.10127518528566
35.33 302.5203075341251
35.34 283.7390875076858
35.35 272.8916151059657
35.36 287.8848903289663
35.37 312.1179131766876
35.38 317.6276836491297
35.39 307.937201746292
35.4 320.97946746817456
35.41 339.8814808147772
35.42 334.5452417861013
35.43 306.45875038214535
35.44 284.8850066029097
35.45 272.85201044839505
35.46 276.3567619185999
35.47 281.78126101352586
35.48 276.6925077331721
35.49 254.15750207753922
35.5 216.94924404662584
35.51 213.15773364043343
35.52 227.04997085896161
35.53 235.68895570221048
35.54 212.3356881701793
35.55 198.27916826286832
35.56 211.06739598027843
35.57 204.1163713224089
35.58 188.83909428925972
35.59 201.49456488083115
35.6 214.55278309712253
35.61 202.10974893813432
35.62 198.36646240386722
35.63 190.39192349432028
35.64 169.26713220949387
35.65 141.51008854938732
35.66 126.48279251400163
35.67 117.62524410333685
35.68 108.58344331739204
35.69 115.92639015616737
35.7 134.24008461966378
35.71 139.55752670788047
35.72 118.24971642081755
35.73 115.48765375847506
35.74 96.25533872085339
35.75 72.35577130795127
35.76 65.49595151977019
35.77 74.90487935630995
35.78 88.46255481756953
35.79 86.07797790354925
35.8 95.17114861424989
35.81 100.32706694967146
35.82 95.02973290981299
35.83 88.53214649467463
35.84 65.77730770425774
35.85 58.80621653856019
35.86 81.11487299758369
35.87 83.07527708132739
35.88 76.272428789792
35.89 85.88832812297642
35.9 73.09497508088134
35.91 64.52836966350719
35.92 61.332511870853295
35.93 67.86840170291953
35.94 90.8850391597066
35.95 105.98442424121413
35.96 90.62655694744217
35.97 84.82343727839043
35.98 85.86206523405872
35.99 80.81444081444806
36.0 67.63956401955784
36.01 54.75043484938806
36.02 50.250053303938785
36.03 67.98941938320968
36.04 80.75653308720075
36.05 81.95339441591295
36.06 64.94500336934561
36.07 57.42235994749831
36.08 63.407464150371425
36.09 50.4523159779651
36.1 48.23491543027944
36.11 51.75126250731387
36.12 62.747357209068696
36.13 63.91219953554446
36.14 62.5567894867404
36.15 63.56112706265685
36.16 43.42121226329323
36.17 49.65204508865145
36.18 54.16062553872871
36.19 57.417953613526834
36.2 60.06602931304565
36.21 63.742852637284614
36.22 73.36742358624383
36.23 71.4717421599239
36.24 56.946808358324915
36.25 45.62762218144553
36.26 33.310183629286485
36.27 36.063492701848645
36.28 63.526549399131
36.29 73.29735372113328
36.3 71.42090566785669
36.31 73.59720523930059
36.32 84.16325243546407
36.33 82.17504725634876
36.34 70.4635897019541
36.35 87.14987977227929
36.36 94.74191746732481
36.37 94.04470278709141
36.38 101.56223573157831
36.39 97.39151630078527
36.4 85.66554449471323
36.41 78.39732031336075
36.42 64.58284375672952
36.43 49.00211482481859
36.44 45.75113351762798
36.45 56.894899835158185
36.46 72.20941377740814
36.47 81.07967534437898
36.48 70.3016845360703
36.49 61.1014413524822
36.5 50.071945793614304
36.51 53.043197859466545
36.52 72.14719755003989
36.53 81.86394486533322
36.54 76.57643980534749
36.55 62.93668237008137
36.56 49.20867255953635
36.57 61.87641037371168
36.58 66.52989581260749
36.59 62.34912887622386
36.6 55.328109564560236
36.61 47.71083787761745
36.62 41.35031381539466
36.63 43.7185373778932
36.64 52.16450856511142
36.65 45.92122737705017
36.66 44.14069381370928
36.67 55.75490787508943
36.68 70.89686956118976
36.69 80.30957887200998
36.7 92.43903580755136
36.71 108.61824036781309
36.72 102.17319255279494
36.73 85.6898923624974
36.74 66.44833979692066
36.75 63.73153485606372
36.76 72.22047753992751
36.77 55.62016784851221
36.78 56.88960578181673
36.79 68.95279133984172
36.8 67.46072452258727
36.81 69.86440533005361
36.82 59.82783376224006
36.83 65.65700981914665
36.84 73.17993350077472
36.85 62.88060480712238
36.86 68.5650237381908
36.87 65.03119029397931
36.88 63.136104474489
36.89 70.85876627971834
36.9 69.69417570966857
36.91 84.7833327643391
36.92 90.98523744373028
36.93 78.9368897478414
36.94 92.13328967667326
36.95 94.57843723022597
36.96 86.10533240849895
36.97 89.1079752114922
36.98 94.51236563920543
36.99 86.41150369163984
37.0 66.90038936879432
37.01 58.48202267066972
37.02 69.39540359726561
37.03 91.46353214858118
37.04 101.1634083246172
37.05 89.3470321253742
37.06 77.320403550852
37.07 82.41552260104959
37.08 78.3943892759678
37.09 66.42900357560666
37.1 58.68736549996561
37.11 50.82547504904528
37.12 38.63233222284475
37.13 49.10093702136578
37.14 55.75828944460659
37.15 56.51338949256774
37.16 64.93023716524931
37.17 64.97783246265226
37.18 64.09417538477464
37.19 61.601265931617945
37.2 58.91510410318165
37.21 55.154689899465666
37.22 53.16702332046998
37.23 44.264104366194715
37.24 24.83893303664081
37.25 18.96250933180636
37.26 35.11583325169249
37.27 30.22690479629955
37.28 39.590723965626694
37.29 57.224290759674204
37.3 50.32860517844233
37.31 44.93266722193107
37.32 34.480476890139926
37.33 35.01903418306938
37.34 37.511339100719624
37.35 36.59239164308997
37.36 47.771191810180426
37.37 53.397739601991816
37.38 49.477035018523566
37.39 50.45907805977595
37.4 33.203868725748634
37.41 19.99240701644112
37.42 6.880692931855037
37.43 4.419726471988952
37.44 13.543507636843287
37.45 34.276036426418614
37.46 42.205312840713304
37.47 38.120336879729166
37.48 29.302108543465465
37.49 27.252627831922155
37.5 50.155894745099204
37.51 39.95390928299662
37.52 25.840671445614817
37.53 17.029181232953306
37.54 6.970438645012337
37.55 5.365443681791248
37.56 19.76919634329147
37.57 35.76769662951142
37.58 37.28794454045237
37.59 23.17294007611372
37.6 18.835683236495015
37.61 31.03417402159721
37.62 33.74841243141964
37.63 40.493398465962855
37.64 42.726132125226286
37.65 41.259613409209805
37.66 36.98284231791399
37.67 34.51181885133906
37.68 24.65054300948418
37.69 21.235014792349602
37.7 26.796234199935725
37.71 24.024201232242604
37.72 29.18591588926961
37.73 30.968378171016866
37.74 27.98758807748527
37.75 41.3985456086732
37.76 55.58325076458186
37.77 55.487703545211616
37.78 50.20890395056108
37.79 51.1298519806312
37.8 34.62054763542142
37.81 16.94899091493312
37.82 5.735181819164154
37.83 -1.7888796518841446
37.84 -15.76419349821117
37.85 -9.578759719818436
37.86 -4.850578316705196
37.87 -8.747649288871571
37.88 10.792027363683019
37.89 25.470451640957208
37.9 6.428623542952437
37.91 9.127543069667809
37.92 29.50421022110413
37.93 28.035624997260356
37.94 10.032787398137089
37.95 1.4436974237351023
37.96 5.012355074052721
37.97 16.528760349090817
37.98 17.11591324884921
37.99 13.76681377332875
38.0 18.138461922528222
38.01 34.703857696448495
38.02 40.26000109508891
38.03 34.8728921184495
38.04 27.831530766530932
38.05 28.854917039332804
38.06 30.56905093685532
38.07 27.14193245909837
38.08 11.286561606061014
38.09 13.523938377745026
38.1 41.93806277414933
38.11 59.08493479527351
38.12 54.67955444111817
38.13 37.39792171168415
38.14 34.68203660696963
38.15 34.05589912697633
38.16 15.291509271702807
38.17 10.692867041150521
38.18 24.030972435317835
38.19 22.952825454205822
38.2 33.08542609781466
38.21 38.58577436614382
38.22 40.45287025919288
38.23 45.69671377696295
38.24 33.724304919453516
38.25 30.882643686664323
38.26 37.596730078595556
38.27 45.72356409524741
38.28 53.61114573661962
38.29 43.421475002712214
38.3 41.93455189352517
38.31 31.68937640905915
38.32 35.45594854931278
38.33 36.35226831428713
38.34 39.35533570398229
38.35 47.86115071839754
38.36 48.96771335753306
38.37 57.21402362138929
38.38 51.27908150996609
38.39 42.619887023263345
38.4 50.99944016128097
38.41 52.371740924018695
38.42 40.50778931147738
38.43 34.73858532365648
38.44 22.358128960555632
38.45 22.855420222176008
38.46 30.03845910851578
38.47 44.315245619576444
38.48 53.266779755357675
38.49 33.88406151585946
38.5 18.149090901081763
38.51 24.144867911023994
38.52 24.42439254568717
38.53 30.529664805070524
38.54 43.662684689174284
38.55 39.91245219799862
38.56 48.96696733154363
38.57 51.210230089808874
38.58 51.035240472794385
38.59 36.716998480500706
38.6 29.888504112926967
38.61 40.39775737007426
38.62 34.61575825194154
38.63 15.887506758529753
38.64 15.970002889838042
38.65 17.52624664586665
38.66 13.752238026615714
38.67 5.665977032085948
38.68 2.8834636622759717
38.69 14.688697917186346
38.7 26.4726797968176
38.71 30.275409301169248
38.72 27.216886430240947
38.73 25.18811118403346
38.74 35.699083562546775
38.75 23.70080356577978
38.76 12.102271193733714
38.77 22.0764864464079
38.78 23.928449323802624
38.79 25.49915982591733
38.8 25.93161795275296
38.81 25.55882370430936
38.82 13.202777080585747
38.83 9.351478081582172
38.84 12.211926707300336
38.85 7.644122957737636
38.86 -8.449933167104064
38.87 -0.5012416672252584
38.88 7.614197457374303
38.89 12.446384206693438
38.9 21.61831858073333
38.91 22.52000057949408
38.92 16.499430202975418
38.93 19.630607451176502
38.94 17.66153232409829
38.95 25.956204821740812
38.96 39.53162494410344
38.97 44.5207926911869
38.98 38.788708062990054
38.99 31.90137105951453
39.0 14.748781680759066
39.01 7.571939926724099
39.02 18.847845797409718
39.03 16.768499292815477
39.04 36.68090041294181
39.05 44.06504915778851
39.06 37.51994552735596
39.07 40.593589521643935
39.08 47.222981140651655
39.09 58.035120384380434
39.1 56.67600725282978
39.11 57.92664174599918
39.12 55.236023863888704
39.13 40.25115360649943
39.14 30.845030973830262
39.15 49.28065596588158
39.16 63.2610285826529
39.17 62.78214882414568
39.18 63.73201669035802
39.19 58.498632181291214
39.2 54.8959952969451
39.21 54.02110603731899
39.22 56.04596440241312
39.23 61.45857039222824
39.24 74.64692400676381
39.25 76.62302524601932
39.26 97.00887410999553
39.27 103.83647059869236
39.28 89.9988147121096
39.29 89.72690645024727
39.3 90.93874581310502
39.31 91.02333280068387
39.32 98.81466741298254
39.33 101.84674965000204
39.34 99.95957951174205
39.35 93.66415699820254
39.36 86.06348210938268
39.37 99.57755484528388
39.38 105.08137520590594
39.39 110.533943191248
39.4 121.91725880131071
39.41 115.03232203609355
39.42 102.39013289559716
39.43 100.8366913798211
39.44 108.00599748876539
39.45 112.16805122243045
39.46 118.87885258081542
39.47 117.19240156392107
39.48 114.11569817174723
39.49 104.85974240429391
39.5 102.52553426156078
39.51 105.37807374354816
39.52 111.03636085025664
39.53 111.64639558168483
39.54 128.44217793783355
39.55 142.28270791870273
39.56 145.89498552429268
39.57 140.2470107546028
39.58 112.27378360963348
39.59 108.21230408938504
39.6 95.14857219385613
39.61 89.65758792304814
39.62 98.22935127696064
39.63 92.38886225559372
39.64 91.03312085894709
39.65 105.21012708702051
39.66 101.24088093981459
39.67 92.43038241732961
39.68 90.70363151956462
39.69 99.99462824652005
39.7 101.60737259819643
39.71 98.91186457459276
39.72 100.10310417570986
39.73 97.3240914015471
39.74 83.0158262521054
39.75 71.30830872738329
39.76 80.3475388273821
39.77 70.56551655210137
39.78 49.94724190154102
39.79 34.994714875700765
39.8 39.52093547458139
39.81 44.76590369818268
39.82 52.859619546504064
39.83 52.566083019545886
39.84 51.204294117308564
39.85 56.05925283979104
39.86 45.88895918699427
39.87 42.82141315891795
39.88 40.20161475556233
39.89 42.83756397692696
39.9 46.36626082301177
39.91 52.35670529381741
39.92 49.34189738934333
39.93 29.47283710958959
39.94 27.519524454556404
39.95 34.13495942424379
39.96 42.59114201865168
39.97 34.865072237779714
39.98 32.54575008162806
39.99 36.587175550197344
40.0 37.369348643487
40.01 20.245269361496867
40.02 9.848937704227637
40.03 24.106353671678107
40.04 21.187517263849486
40.05 22.42142848074127
40.06 29.264087322353816
40.07 28.09649378868653
40.08 30.61264787973937
40.09 29.785549595513203
40.1 25.988198936007166
40.11 23.5865959012217
40.12 34.808740491156414
40.13 37.36263270581185
40.14 35.19427254518769
40.15 25.454660009283998
40.16 23.243795098100463
40.17 25.226677811638183
40.18 20.48130814989554
40.19 18.01368611287353
40.2 26.102811700572374
40.21 26.93768491299147
40.22 22.477305750130427
40.23 27.71567421199029
40.24 44.067790298571026
40.25 50.979654009871865
40.26 45.5892653458925
40.27 27.49162430663455
40.28 16.913730892096737
40.29 22.377585102279227
40.3 22.865186937182216
40.31 32.827536396805954
40.32 30.71063348114967
40.33 25.20047819021397
40.34 23.443070523999268
40.35 22.407410482504474
40.36 26.939498065729822
40.37 26.07133327367592
40.38 32.455916106342784
40.39 37.48424656372981
40.4 29.004324645837414
40.41 22.3541503526651
40.42 26.04172368421382
40.43 35.73604464048276
40.44 45.78611322147208
40.45 49.499929427181996
40.46 56.39049325761175
40.47 67.87680471276235
40.48 80.31086379263365
40.49 87.0316704972256
40.5 89.37422482653756
40.51 83.25252678056972
40.52 81.98557635932298
40.53 84.13637356279628
40.54 87.23891839098997
40.55 95.1272108439041
40.56 126.52925092153896
40.57 143.31403862389425
40.58 142.49357395096968
40.59 156.24185690276613
40.6 158.39488747928203
40.61 178.05366568051932
40.62 210.73519150647667
40.63 217.08046495715462
40.64 240.85548603255302
40.65 265.7732547326714
40.66 274.4887710575108
40.67 282.63503500707066
40.68 287.5840465813508
40.69 305.823805780351
40.7 336.4853126040723
40.71 373.39256705251364
40.72 405.94156912567564
40.73 417.693318823558
40.74 434.54281614616116
40.75 456.161061093484
40.76 456.18005366552757
40.77 496.2037938622923
40.78 529.2982816837768
40.79 540.8235171299814
40.8 558.1385002009072
40.81 587.8652308965532
40.82 636.0297092169196
40.83 651.1019351620062
40.84 653.7439087318141
40.85 689.7376299263417
40.86 714.6320987455898
40.87 713.1063151895585
40.88 719.9122792582477
40.89 742.550990951657
40.9 763.7544502697871
40.91 775.1006572126375
40.92 797.1066117802087
40.93 812.2653139724997
40.94 809.8917637895115
40.95 819.0749612312441
40.96 838.9049062976967
40.97 850.7265989888699
40.98 861.4790393047631
40.99 876.9292272453774
41.0 863.722162810712
41.01 865.704846000767
41.02 876.4442768155425
41.03 880.1784552550382
41.04 882.9563813192545
41.05 866.2950550081912
41.06 841.6214763218487
41.07 850.2146452602263
41.08 850.960561823324
41.09 821.8792260111429
41.1 797.6776378236818
41.11 790.1167972609412
41.12 761.7637043229211
41.13 734.1203590096216
41.14 716.9987613210425
41.15 697.2679112571836
41.16 673.7468088180449
41.17 660.6694540036276
41.18 648.40984681393
41.19 628.4759872489531
41.2 609.7988753086968
41.21 572.2975109931606
41.22 513.0688943023448
41.23 473.46902523624965
41.24 475.0009037948753
41.25 445.4485299782209
41.26 422.31290378628705
41.27 403.9510252190739
41.28 397.27689427658083
41.29 391.03951095880836
41.3 378.6138752657565
41.31 347.12698719742525
41.32 303.8318467538138
41.33 273.0844539349231
41.34 265.089808740753
41.35 261.04791117130344
41.36 235.89376122657382
41.37 206.14735890656493
41.38 187.0247042112768
41.39 181.0047971407089
41.4 174.0836376948613
41.41 151.29722587373385
41.42 134.63356167732752
41.43 114.37864510564145
41.44 105.13847615867576
41.45 102.01105483643073
41.46 94.54138113890554
41.47 92.40345506610129
41.48 80.24527661801721
41.49 79.13084579465408
41.5 76.41116259601074
41.51 65.83122702208823
41.52 44.169039072886335
41.53 36.540598748404705
41.54 21.20090604864356
41.55 18.965960973602478
41.56 13.910763523282412
41.57 9.896313697682558
41.58 3.6276114968030697
41.59 8.221656920644477
41.6 1.5764499692056688
41.61 -12.497009357512525
41.62 -22.45572105951021
41.63 -24.2386851367869
41.64 -19.727901589343787
41.65 -13.989370417180226
41.66 -7.541091620296129
41.67 -7.760065198691336
41.68 -15.871291152366211
41.69 -11.266769481320807
41.7 -2.885500185554747
41.71 -11.547483265068308
41.72 -19.534718719861303
41.73 -11.580206549934019
41.74 -11.109946755286046
41.75 -14.451939335918041
41.76 -13.929184291829529
41.77 -13.810681623019946
41.78 -10.517431329490478
41.79 -8.391433411240655
41.8 -3.032687868270159
41.81 -6.440194700579013
41.82 -1.8479539081677103
41.83 -1.9479654910360296
41.84 -15.133229449183318
41.85 -9.845745782610834
41.86 -5.084514491317691
41.87 -0.6605355753040385
41.88 8.860190965430206
41.89 8.197665130884502
41.9 8.054886921059506
41.91 3.899856335954837
41.92 5.9995733755710035
41.93 4.178038039907165
41.94 14.367250328963905
41.95 29.180210242741396
41.96 31.839917781239023
41.97 32.8523729444571
41.98 36.60657573239541
41.99 45.569526145054624
42.0 47.31922418243414
42.01 57.89666984453402
42.02 76.54486313135476
42.03 72.44180404289534
42.04 59.66949257915644
42.05 56.92192874013824
42.06 64.87311252584072
42.07 74.51304393626333
42.08 76.27472297140616
42.09 74.13214963126984
42.1 75.4553239158538
42.11 69.29024582515831
42.12 72.7629153591829
42.13 85.32533251792825
42.14 93.15649730139398
42.15 91.09240970958035
42.16 84.06706974248664
42.17 93.43547740011422
42.18 118.62563268246163
42.19 124.49953558952961
42.2 123.87118612131849
42.21 121.61358427782727
42.22 107.50773005905626
42.23 101.89562346500634
42.24 102.25226449567674
42.25 102.05765315106748
42.26 110.33378943117839
42.27 119.23967333601013
42.28 118.59430486556221
42.29 102.52868401983483
42.3 100.37081079882773
42.31 105.7106852025413
42.32 105.46130723097497
42.33 107.14067688412933
42.34 106.0357941620041
42.35 93.72665906459952
42.36 87.17927159191481
42.37 85.70063174395091
42.38 83.34273952070771
42.39 68.99259492218482
42.4 73.86619794838225
42.41 80.32154859929983
42.42 80.82964687493848
42.43 74.1724927752972
42.44 67.42808630037655
42.45 48.198427450176496
42.46 48.15651622469636
42.47 54.65135262393699
42.48 65.09993664789806
42.49 64.75826829657979
42.5 58.2423475699818
42.51 52.14817446810389
42.52 48.95474899094688
42.53 48.260071138510284
42.54 48.215140910793934
42.55 52.32195830779801
42.56 48.34452332952287
42.57 42.02483597596802
42.58 41.79189624713365
42.59 29.123704143019836
42.6 18.731259663625906
42.61 27.39256280895279
42.62 25.69761357900029
42.63 27.404411973768333
42.64 31.752957993256587
42.65 33.93725163746501
42.66 33.63029290639406
42.67 25.675081800043927
42.68 5.676618318414057
42.69 10.04390246150433
42.7 32.41893422931548
42.71 30.17071362184697
42.72 29.496240639098687
42.73 33.94351528107097
42.74 31.48553754776401
42.75 17.69730743917694
42.76 23.069824955310537
42.77 36.43309009616496
42.78 37.90810286173951
42.79 41.16786325203418
42.8 28.149371267049673
42.81 21.995626906785674
42.82 30.058630171242157
42.83 21.799381060418682
42.84 15.696879574316426
42.85 27.116125712933922
42.86 42.516119476272024
42.87 37.313860864330536
42.88 29.34534987710981
42.89 47.765586514609026
42.9 62.13057077682902
42.91 42.18330266376938
42.92 28.010782175430563
42.93 19.410009311811564
42.94 13.452984072913182
42.95 29.574706458735704
42.96 33.36617646927823
42.97 28.867394104541518
42.98 22.044359364524666
42.99 22.30507224922883
43.0 24.324532758653504
43.01 28.29274089279818
43.02 34.73469665166385
43.03 41.24340003524935
43.04 35.748851043555646
43.05 33.650049676582285
43.06 39.96499593432975
43.07 40.846689816797266
43.08 32.95013132398503
43.09 22.93732045589377
43.1 29.472257212522663
43.11 40.13894159387212
43.12 44.76937359994167
43.13 47.24055323073219
43.14 47.47148048624297
43.15 58.42815536647413
43.16 70.1325778714255
43.17 67.04274800109806
43.18 63.08566575549037
43.19 72.7243311346034
43.2 61.5097441384371
43.21 47.76490476699087
43.22 60.31781302026491
43.23 60.614468898259815
43.24 54.73587240097527
43.25 52.45402352841097
43.26 51.89492228056679
43.27 62.330568657443564
43.28 84.53196265904069
43.29 84.41310428535814
43.3 77.44299353639599
43.31 70.82763041215469
43.32 70.39901491263333
43.33 77.3541470378326
43.34 69.20402678775258
43.35 78.88565416239271
43.36 88.69702916175311
43.37 91.9711517858342
43.38 96.85202203463587
43.39 116.24963990815786
43.4 109.73900540640034
43.41 107.34511852936294
43.42 115.9209792770464
43.43 128.19958764945034
43.44 141.86094364657458
43.45 156.7310472684194
43.46 179.2288985149844
43.47 186.94349738626988
43.48 171.50184388227592
43.49 190.97293800300258
43.5 216.57177974844933
43.51 235.36436911861665
43.52 253.09770611350484
43.53 265.597790733113
43.54 271.1176229774418
43.55 284.33220284649065
43.56 304.6905303402606
43.57 344.4876054587505
43.58 378.58342820196117
43.59 416.33999856989226
43.6 466.16631656254344
43.61 491.7553821799154
43.62 517.1391954220078
43.63 552.0567562888207
43.64 584.662064780354
43.65 615.0651208966075
43.66 659.1329246375814
43.67 697.0194760032764
43.68 724.4847749936913
43.69 763.7188216088265
43.7 801.0366158486826
43.71 858.7381577132589
43.72 890.6874472025559
43.73 913.190484316573
43.74 942.611269055311
43.75 949.9388014187689
43.76 974.7490814069477
43.77 1031.0661090198469
43.78 1085.1238842574662
43.79 1107.6114071198062
43.8 1121.6756776068664
43.81 1155.3576957186476
43.82 1161.076461455149
43.83 1168.9189748163703
43.84 1209.841235802313
43.85 1244.7432444129756
43.86 1264.4760006483586
43.87 1279.543504508462
43.88 1283.2907559932864
43.89 1293.6127551028308
43.9 1315.8365018370957
43.91 1305.8509961960808
43.92 1297.4712381797872
43.93 1299.295227788213
43.94 1302.4299650213595
43.95 1305.637449879227
43.96 1302.0096823618148
43.97 1305.365662469123
43.98 1287.483390201151
43.99 1258.0478655579002
44.0 1234.5580885393697
44.01 1209.8170591455596
44.02 1171.9887773764701
44.03 1147.6732432321005
44.04 1134.0594567124517
44.05 1111.1504178175237
44.06 1066.4451265473158
44.07 1041.6905829018285
44.08 1015.4397868810613
44.09 978.4077384850148
44.1 940.8214377136887
44.11 920.3758845670832
44.12 880.0310790451977
44.13 828.3480211480331
44.14 802.5377108755888
44.15 770.166148227865
44.16 718.1703332048613
44.17 673.0422658065788
44.18 647.6199460330163
44.19 605.3783738841742
44.2 574.2085493600528
44.21 525.6134724606517
44.22 483.64314318597064
44.23 466.27856153601056
44.24 439.42372751077085
44.25 410.4776411102514
44.26 374.11630233445237
44.27 350.2547111833742
44.28 323.31586765701627
44.29 299.53477175537864
44.3 264.63742347846164
44.31 240.82082282626504
44.32 236.5099697987888
44.33 232.64586439603283
44.34 207.64450661799788
44.35 182.11589646468315
44.36 174.20403393608842
44.37 154.08391903221445
44.38 141.40555175306122
44.39 151.71193209862804
44.4 145.36606006891554
44.41 132.91093566392306
44.42 129.7215588836517
44.43 115.6859297281004
44.44 103.11004819726952
44.45 91.14091429115945
44.46 86.97552800976939
44.47 80.48688935309985
44.48 69.00799832115081
44.49 71.54185491392252
44.5 68.68645913141438
44.51 68.90181097362643
44.52 72.62191044055953
44.53 72.76875753221282
44.54 69.39235224858658
44.55 66.90269458968044
44.56 68.47778455549519
44.57 65.06662214603023
44.58 62.460207361285825
44.59 63.566540201262
44.6 68.15062066595817
44.61 57.488448755374975
44.62 44.246024469512236
44.63 54.426347808370224
44.64 49.22841877194833
44.65 39.61223736024681
44.66 40.498803573265945
44.67 41.9041174110057
44.68 61.01117887346561
44.69 63.90098796064592
44.7 58.61454467254691
44.71 69.91084900916826
44.72 70.62190097051018
44.73 73.89270055657232
44.74 71.81824776735527
44.75 63.28354260285812
44.76 63.91358506308177
44.77 70.13637514802599
44.78 65.08591285769046
44.79 63.60219819207521
44.8 61.09723115118061
44.81 66.89401173500676
44.82 71.98253994355298
44.83 74.92381577681954
44.84 64.65283923480706
44.85 62.127610317514495
44.86 58.69312902494255
44.87 57.05539535709113
44.88 53.75440931396042
44.89 54.17517089554963
44.9 61.02468010185942
44.91 55.89293693288971
44.92 42.46694138864075
44.93 42.78869346911176
44.94 46.06419317430334
44.95 51.146440504215775
44.96 60.93743545884831
44.97 71.11617803820138
44.98 64.15366824227476
44.99 52.65190607106888
45.0 39.781891524583216
45.01 45.00162460281797
45.02 61.005105305773554
45.03 65.67333363344903
45.04 60.029309585845226
45.05 64.85403316296185
45.06 61.637504364799156
45.07 53.314723191356734
45.08 50.957689642634364
45.09 58.05640371863308
45.1 60.67886541935195
45.11 59.89507474479126
45.12 72.4450316949509
45.13 73.7667362698312
45.14 71.34918846943197
45.15 60.21338829375304
45.16 51.35533574279441
45.17 56.75103081655686
45.18 61.1004735150392
45.19 70.08066383824212
45.2 75.93660178616562
45.21 77.6532873588094
45.22 76.20772055617363
45.23 79.23790137825824
45.24 60.854829825063575
45.25 63.17750589658931
45.26 67.34992959283522
45.27 62.97510091380195
45.28 63.46801985948889
45.29 65.88068642989629
45.3 71.90010062502404
45.31 67.8192624448726
45.32 77.73117188944127
45.33 94.33182895873051
45.34 95.35423365274039
45.35 92.23138597147044
45.36 86.55328591492082
45.37 87.32493348309185
45.38 76.35632867598349
45.39 79.54347149359546
45.4 94.10736193592777
45.41 93.78300000298043
45.42 93.9833856947539
45.43 82.62951901124768
45.44 80.68339995246174
45.45 87.82302851839665
45.46 96.80540470905146
45.47 99.19152852442699
45.48 104.68439996452298
45.49 106.54801902933968
45.5 107.87838571887619
45.51 113.95650003313358
45.52 106.23936197211151
45.53 100.1049715358098
45.54 106.05232872422835
45.55 115.85343353736732
45.56 128.28028597522712
45.57 134.87788603780712
45.58 137.87123372510757
45.59 145.32032903712866
45.6 148.0101719738699
45.61 153.94176253533158
45.62 158.8631007215139
45.63 155.5981865324169
45.64 165.28901996803995
45.65 174.34360102838343
45.66 182.42892971344747
45.67 193.9100060232322
45.68 191.69982995773717
45.69 189.22840151696232
45.7 179.0797207009084
45.71 177.38778750957476
45.72 179.28460194296144
45.73 175.2351640010687
45.74 194.40847368389655
45.75 224.29653099144446
45.76 227.900335923713
45.77 219.19088848070226
45.78 216.55518866241164
45.79 211.98923646884145
45.8 203.5420318999918
45.81 214.77857495586284
45.82 232.40486563645402
45.83 229.2939039417655
45.84 229.70768987179815
45.85 234.29222342655055
45.86 243.59950460602363
45.87 249.18153341021718
45.88 241.15630983913115
45.89 241.0738338927655
45.9 248.90010557112032
45.91 247.9251248741956
45.92 256.3578918019916
45.93 260.02740635450743
45.94 258.2106685317441
45.95 254.7136783337014
45.96 270.278435760379
45.97 268.28294081177717
45.98 254.9201934878954
45.99 254.10219378873444
46.0 250.4649417142938
46.01 253.32543726457357
46.02 249.005680439574
46.03 247.49667123929453
46.04 251.68140966373574
46.05 255.79589571289716
46.06 258.9361293867795
46.07 261.69411068538193
46.08 262.0838396087047
46.09 276.3633161567483
46.1 291.3275403295122
46.11 308.8835121269965
46.12 320.9792315492009
46.13 331.7336985961264
46.14 333.71091326777207
46.15 344.2688755641383
46.16 365.6445854852245
46.17 382.37104303103195
46.18 389.86324820155914
46.19 397.5982009968071
46.2 418.0729014167757
46.21 453.6943494614644
46.22 473.2675451308734
46.23 509.3474884250031
46.24 536.1811793438536
46.25 570.0866178874243
46.26 607.341804055715
46.27 633.3897378487266
46.28 675.0514192664587
46.29 747.0488483089111
46.3 802.1160249760837
46.31 847.4089492679774
46.32 900.0556211845909
46.33 952.9170407259251
46.34 1041.03920789198
46.35 1121.7091226827552
46.36 1204.9137850982504
46.37 1292.5201951384663
46.38 1365.3743528034029
46.39 1458.1492580930599
46.4 1541.0039110074372
46.41 1636.7433115465349
46.42 1730.3734597103532
46.43 1824.857355498892
46.44 1937.082998912151
46.45 2069.9223899501308
46.46 2193.7045286128305
46.47 2323.256414900251
46.48 2433.8980488123925
46.49 2530.7564303492536
46.5 2650.3755595108355
46.51 2767.9214362971375
46.52 2903.575060708161
46.53 2993.9634327439035
46.54 3137.0455524043673
46.55 3271.574419689551
46.56 3368.094034599456
46.57 3461.1143971340807
46.58 3564.074507293426
46.59 3644.302365077493
46.6 3713.9309704862785
46.61 3824.238323519786
46.62 3927.421424178013
46.63 4030.797272460961
46.64 4095.3188683686285
46.65 4112.526211901018
46.66 4141.156303058126
46.67 4193.996141839955
46.68 4258.681728246505
46.69 4293.932062277776
46.7 4299.579143933767
46.71 4263.089973214478
46.72 4215.0055501199095
46.73 4221.018874650062
46.74 4223.9149468049345
46.75 4191.478766584528
46.76 4168.17633398884
46.77 4117.006649017876
46.78 4022.7717116716303
46.79 3934.0195219501043
46.8 3853.8060798532997
46.81 3756.400385381216
46.82 3693.4614385338523
46.83 3613.863239311209
46.84 3510.7557877132863
46.85 3367.461083740084
46.86 3264.3621273916015
46.87 3170.1559186678396
46.88 3083.1104575687987
46.89 2973.6697440944786
46.9 2832.160778244878
46.91 2732.2925600199983
46.92 2598.6040894198395
46.93 2477.222366444401
46.94 2352.953391093682
46.95 2237.6281633676845
46.96 2110.1346832664067
46.97 2006.96795078985
46.98 1908.7869659380128
46.99 1806.4877287108973
47.0 1721.8822391085014
47.01 1618.4134971308263
47.02 1520.3065027778716
47.03 1417.124256049637
47.04 1333.8307569461233
47.05 1238.3100054673298
47.06 1157.660001613257
47.07 1082.4167453839043
47.08 1002.2482367792724
47.09 940.3574757993609
47.1 885.5094624441696
47.11 841.7401967136987
47.12 771.6316786079486
47.13 707.278908126919
47.14 656.5268852706095
47.15 618.8646100390202
47.16 586.141082432152
47.17 547.6483024500042
47.18 497.5222700925764
47.19 455.5679853598691
47.2 420.85944825188255
47.21 362.65765876861644
47.22 343.43361691007044
47.23 354.03832267624534
47.24 349.02577606714067
47.25 333.03997708275597
47.26 315.15692572309194
47.27 285.7506219881486
47.28 275.8380658779257
47.29 273.30525739242285
47.3 264.9351965316405
47.31 262.2648832955789
47.32 255.42131768423792
47.33 244.67349969761676
47.34 229.41042933571669
47.35 226.65410659853637
47.36 231.83353148607716
47.37 227.46270399833793
47.38 212.98462413531956
47.39 199.53829189702117
47.4 182.01170728344368
47.41 174.51887029458624
47.42 172.65378093044967
47.43 159.14843919103316
47.44 160.19284507633745
47.45 174.80399858636224
47.46 175.56889972110707
47.47 173.77854848057268
47.48 165.6729448647584
47.49 160.4490888736649
47.5 155.8089805072916
47.51 159.35661976563904
47.52 149.177006648707
47.53 145.343141156495
47.54 159.40602328900331
47.55 149.9826530462326
47.56 142.45303042818227
47.57 136.86715543485195
47.58 121.84802806624225
47.59 126.66964832235328
47.6 140.18101620318487
47.61 136.1761317087363
47.62 127.7939948390084
47.63 126.87760559400124
47.64 126.1369639737145
47.65 126.9690699781479
47.66 122.64292360730167
47.67 113.60752486117667
47.68 115.59787373977144
47.69 118.30397024308661
47.7 117.30681437112264
47.71 108.49640612387907
47.72 102.21774550135558
47.73 92.78583250355257
47.74 87.10366713047028
47.75 85.17024938210852
47.76 92.92157925846686
47.77 101.91365675954603
47.78 95.46748188534525
47.79 90.51605463586532
47.8 86.79037501110543
47.81 87.47344301106637
47.82 91.87625863574726
47.83 87.02882188514923
47.84 83.64913275927142
47.85 84.24619125811375
47.86 76.79799738167662
47.87 77.49555112996029
47.88 83.21785250296432
47.89 88.83790150068853
47.9 88.08169812313349
47.91 91.49524237029857
47.92 87.79553424218443
47.93 86.38257373879048
47.94 75.97336086011717
47.95 71.73589560616449
47.96 77.87617797693167
47.97 76.2502079724195
47.98 70.92798559262803
47.99 68.40851083755706
48.0 64.73078370720623
48.01 73.82880420157574
48.02 86.78957232066625
48.03 85.1270880644771
48.04 76.8823514330079
48.05 65.17636242625917
48.06 59.74212104423145
48.07 70.11962728692401
48.08 72.05688115433679
48.09 71.03388264647037
48.1 64.16963176332388
48.11 61.66412850489837
48.12 65.7503728711929
48.13 69.74036486220814
48.14 71.21410447794392
48.15 64.4935917183999
48.16 72.9818265835761
48.17 79.48080907347332
48.18 75.22053918809081
48.19 68.46601692742854
48.2 63.583242291486954
48.21 71.06721528026549
48.22 77.48993589376494
48.23 73.59340413198436
48.24 76.29561999492466
48.25 67.72558348258497
48.26 60.903294594966155
48.27 57.9907533320677
48.28 63.62295969388947
48.29 65.05791368043151
48.3 53.57261529169466
48.31 48.65106452767793
48.32 61.18926138838151
48.33 69.6532058738054
48.34 66.88789798395055
48.35 68.20033771881549
48.36 60.100525078400665
48.37 63.29346006270691
48.38 74.6701426717334
48.39 72.77757290548004
48.4 73.35575076394719
48.41 72.08367624713514
48.42 70.26434935504346
48.43 71.14277008767192
48.44 67.75293844502085
48.45 64.6038544270906
48.46 67.25251803388062
48.47 70.42392926539094
48.48 69.63208812162156
48.49 72.16999460257318
48.5 64.35664870824519
48.51 50.943050438637215
48.52 66.70319979375006
48.53 84.32009677358303
48.54 84.33574137813673
48.55 72.46213360741058
48.56 67.00927346140531
48.57 58.334160940120455
48.58 55.8087960435555
48.59 53.682178771711506
48.6 46.291309124587656
48.61 52.5071871021845
48.62 53.775812704501504
48.63 48.98718593153944
48.64 51.46130678329723
48.65 64.26017525977602
48.66 72.13379136097478
48.67 70.64815508689435
48.68 56.124266437534175
48.69 50.658125412894606
48.7 51.36373201297556
48.71 56.66008623777657
48.72 59.04818808729806
48.73 56.71203756154034
48.74 57.37363466050306
48.75 55.13597938418593
48.76 49.39907173258928
48.77 55.09691170571341
48.78 59.36049930355796
48.79 52.60483452612266
48.8 49.31291737340803
48.81 57.271747845413984
48.82 58.18532594213991
48.83 64.33965166358644
48.84 65.0847250097537
48.85 69.21554598064131
48.86 61.29111457624913
48.87 56.300430796577416
48.88 52.91349464162647
48.89 47.529306111395954
48.9 42.03686520588553
48.91 44.862171925095595
48.92 47.64122626902633
48.93 51.971028237677615
48.94 52.00357783104914
48.95 56.64287504914125
48.96 61.555919891953636
48.97 74.96271235948666
48.98 72.01625245173989
48.99 75.08354016871374
49.0 67.5405755104083
49.01 62.12735847682279
49.02 64.87288906795811
49.03 61.07716728381365
49.04 56.530193124389825
49.05 63.94796658968619
49.06 65.42248767970341
49.07 62.18575639444066
49.08 60.97877273389861
49.09 58.56153669807702
49.1 56.28704828697573
49.11 69.96930750059471
49.12 76.43931433893454
49.13 77.15606880199493
49.14 70.23957088977534
49.15 63.512820602276065
49.16 65.60881793949773
49.17 67.27356290143985
49.18 63.799055488102
49.19 68.4082956994846
49.2 62.63728353558804
49.21 55.89501899641198
49.22 59.87650208195589
49.23 60.86373279222073
49.24 68.82771112720593
49.25 67.45643708691125
49.26 57.63291067133707
49.27 57.679131880483624
49.28 59.73010071435067
49.29 58.518817172937815
49.3 60.01328125624548
49.31 52.65849296427382
49.32 53.086452297022674
49.33 61.81015925449162
49.34 59.68461383668125
49.35 64.89781604359109
49.36 65.12176587522185
49.37 55.1214633315725
49.38 54.638908412644014
49.39 62.64710111843567
49.4 60.022041448948016
49.41 43.01872940418059
49.42 41.424164984133995
49.43 59.58734818880737
49.44 66.86527901820159
49.45 61.89895747231628
49.46 64.83138355115102
49.47 57.431557254706604
49.48 47.46547858298243
49.49 46.494147535978755
49.5 48.74556411369542
49.51 54.013728316132756
49.52 62.67764014329066
49.53 65.67429959516858
49.54 63.815706671766975
49.55 64.80386137308608
49.56 66.19576369912568
49.57 63.38341364988548
49.58 62.973811225365694
49.59 60.62895642556657
49.6 59.84584925048796
49.61 59.56948970012945
49.62 60.59287777449151
49.63 53.01201347357437
49.64 51.41089679737752
49.65 51.03052774590083
49.66 51.81190631914467
49.67 52.05503251710957
49.68 62.805906339794205
49.69 65.48352778719936
49.7 64.63689685932525
49.71 62.479013556171594
49.72 64.75587787773804
49.73 63.40448982402495
49.74 57.167849395032704
49.75 66.07495659076085
49.76 73.69181141120907
49.77 75.57441385637821
49.78 78.41876392626739
49.79 74.0468616208774
49.8 72.22870694020742
49.81 67.77129988425838
49.82 66.34064045302921
49.83 67.77872864652113
49.84 69.72356446473316
49.85 75.2921479076656
49.86 70.66747897531832
49.87 66.30155766769201
49.88 69.12138398478601
49.89 75.74795792659995
49.9 81.66327949313495
49.91 82.03034868438999
49.92 82.93016550036577
49.93 88.13372994106169
49.94 90.97004200647848
49.95 94.86810169661555
49.96 98.85490901147296
49.97 91.51846395105053
49.98 86.9787665153491
49.99 90.59281670436803
50.0 85.64161451810708
50.01 78.05115995656661
50.02 93.48345301974689
50.03 100.35049370764773
50.04 108.79428202026861
50.05 106.6648179576099
50.06 96.238101519672
50.07 93.61113270645455
50.08 94.28291151795725
50.09 97.59443795418065
50.1 99.92171201512429
50.11 103.93573370078855
50.12 104.15150301117308
50.13 88.30401994627834
50.14 92.57328450610396
50.15 101.40429669064986
50.16 105.89305649991616
50.17 107.18556393390304
50.18 105.05481899261065
50.19 96.38382167603834
50.2 90.06257198418666
50.21 94.05806991705515
50.22 102.7113154746445
50.23 103.99430865695388
50.24 101.05404946398403
50.25 95.72753789573449
50.26 84.34577395220549
50.27 76.77775763339707
50.28 70.21748893930874
50.29 67.18796786994073
50.3 69.04819442529367
50.31 62.010168605367085
50.32 63.83389041016051
50.33 70.22935983967443
50.34 64.40757689390944
50.35 54.80254157286424
50.36 56.55225387653957
50.37 66.15271380493562
50.38 69.3229213580521
50.39 70.38587653588866
50.4 58.51257933844579
50.41 50.052029765723546
50.42 61.64922781772191
50.43 71.69217349444034
50.44 61.07686679587914
50.45 55.27030772203875
50.46 56.56549627291895
50.47 59.7344324485191
50.48 62.25411624883975
50.49 70.53254767388125
50.5 71.02972672364308
50.51 66.64965339812511
50.52 60.26432769732787
50.53 57.65374962125077
50.54 56.21091916989451
50.55 58.29083634325832
50.56 55.97750114134283
50.57 53.841913564147944
50.58 54.752073611673154
50.59 51.127981283918984
50.6 45.05463658088513
50.61 50.96103950257191
50.62 57.29219004897891
50.63 63.686088220106626
50.64 66.04773401595446
50.65 63.315127436523085
50.66 62.89426848181188
50.67 54.720157151821354
50.68 48.09179344655104
50.69 54.55817736600147
50.7 53.41930891017239
50.71 48.247188079063335
50.72 55.3198148726749
50.73 59.66718929100705
50.74 57.12931133405971
50.75 48.8661810018325
50.76 50.6457982943258
50.77 57.23816321153981
50.78 62.76727575347434
50.79 68.68013592012892
50.8 72.18474371150421
50.81 66.04209912760007
50.82 55.33420216841603
50.83 57.14705283395256
50.84 65.57665112420966
50.85 62.696997039187295
50.86 58.213090578885044
50.87 71.69793174330323
50.88 71.65852053244225
50.89 64.8188569463016
50.9 71.41794098488117
50.91 76.93577264818123
50.92 76.761351936202
50.93 67.30467884894324
50.94 63.30675338640458
50.95 65.0465755485867
50.96 74.27814533548894
50.97 70.42246274711192
50.98 67.3485277834551
50.99 57.06934044451896
51.0 62.203900730303076
51.01 78.28820864080797
51.02 77.57926417603323
51.03 63.93806733597853
51.04 60.519618120644736
51.05 53.96491653003102
51.06 51.16296256413807
51.07 52.5617562229653
51.08 58.56229750651323
51.09 65.9545864147816
51.1 59.56862294777022
51.11 54.87340710547926
51.12 54.89693888790896
51.13 52.53621829505926
51.14 47.53824532692954
51.15 45.0320199835204
51.16 52.50854226483182
51.17 56.86081217086394
51.18 61.100829701616135
51.19 58.451594857088594
51.2 46.886107637282066
51.21 41.370368042195764
51.22 45.162376071829726
51.23 47.39713172618451
51.24 46.39263500525965
51.25 49.90088590905498
51.26 44.54488443757066
51.27 46.85863059080714
51.28 46.07112436876412
51.29 45.86136577144123
51.3 46.75235479883884
51.31 54.19909145095721
51.32 57.44557572779593
51.33 61.03280762935481
51.34 61.799787155634476
51.35 56.81951430663423
51.36 50.695989082354686
51.37 56.11921148279555
51.38 60.25018150795688
51.39 61.95189915783851
51.4 63.83336443244082
51.41 68.60057733176336
51.42 69.46953785580672
51.43 69.68924600457001
51.44 61.850701778054145
51.45 53.10390517625876
51.46 56.972856199183525
51.47 64.66855484682901
51.48 63.72400111919467
51.49 62.33619501628107
51.5 64.32113653808767
51.51 70.88882568461486
51.52 73.58326245586261
51.53 74.36744685183055
51.54 79.03537887251889
51.55 81.19805851792796
51.56 88.66048578805749
51.57 100.25966068290722
51.58 105.91158320247735
51.59 95.41825334676832
51.6 91.92567111577966
51.61 92.61083650951116
51.62 97.32274952796308
51.63 99.40541017113571
51.64 105.42181843902881
51.65 112.09597433164208
51.66 113.39187784897592
51.67 104.16852899103071
51.68 96.91692775780541
51.69 102.49507414930042
51.7 112.30296816551629
51.71 110.22060980645256
51.72 108.39699907210911
51.73 116.26913596248585
51.74 118.06502047758352
51.75 117.20965261740162
51.76 118.75803238193987
51.77 109.00215977119888
51.78 95.666034785178
51.79 105.90665742387796
51.8 118.88702768729797
51.81 116.14214557543869
51.82 114.45101108829977
51.83 110.50462422588123
51.84 110.56698498818344
51.85 108.6290933752058
51.86 104.93494938694846
51.87 102.772553023412
51.88 99.33290428459588
51.89 87.77200317049994
51.9 85.95984968112475
51.91 84.39844381646992
51.92 87.56878557653556
51.93 86.46987496132147
51.94 72.64571197082807
51.95 68.0362966050551
51.96 75.38762886400241
51.97 77.49470874767007
51.98 70.08853625605843
51.99 65.5041113891674
52.0 67.27343414699646
52.01 66.21050452954591
52.02 55.03032253681624
52.03 57.3708881688068
52.04 65.25220142551768
52.05 54.19726230694903
52.06 44.20007081310098
52.07 38.593626943973504
52.08 40.73793069956605
52.09 47.158982079879365
52.1 40.245781084913006
52.11 40.91532771466723
52.12 40.57562196914171
52.13 37.417663848336815
52.14 37.07245335225241
52.15 39.86699048088826
52.16 40.333275234244525
52.17 41.156307612321484
52.18 45.20608761511892
52.19 41.3426152426365
52.2 44.72189049487474
52.21 49.75891337183327
52.22 49.15968387351256
52.23 45.77420199991184
52.24 44.955467751032074
52.25 35.669481126872256
52.26 31.27924212743335
52.27 33.802750752714815
52.28 34.97000700271644
52.29 35.271010877438584
52.3 31.335762376881235
52.31 26.822261501044636
52.32 21.42750824992811
52.33 28.624502623531953
52.34 36.743244621856775
52.35 36.38773424490148
52.36 40.46197149266675
52.37 37.90495636515277
52.38 37.709688862359144
52.39 48.4031689842858
52.4 53.01239673093278
52.41 44.604372102300545
52.42 33.996095098388764
52.43 26.73956571919723
52.44 26.571783964726023
52.45 27.7757498349755
52.46 25.922463329945572
52.47 29.99192444963569
52.48 34.92113319404632
52.49 42.23708956317773
52.5 51.721793557029514
52.51 50.30424517560152
52.52 38.5614444188941
52.53 30.00939128690709
52.54 27.59308577964066
52.55 30.504527897094476
52.56 34.64671763926901
52.57 34.96665500616393
52.58 40.33133999777897
52.59 40.80577261411497
52.6 32.508952855170946
52.61 38.061880720947784
52.62 42.02155621144459
52.63 44.05197932666226
52.64 45.21515006660013
52.65 38.51706843125862
52.66 31.692734420637294
52.67 23.281148034736816
52.68 21.2483092735564
52.69 27.50821813709672
52.7 33.720874625357624
52.71 32.87327873833863
52.72 39.81843047604002
52.73 53.38232983846217
52.74 52.08297682560476
52.75 44.47337143746745
52.76 46.72051367405072
52.77 46.41440353535472
52.78 34.82604102137918
52.79 25.328426132123695
52.8 23.708558867588977
52.81 18.529439227774674
52.82 13.340067212680651
52.83 14.511442822307004
52.84 19.3645660566541
52.85 22.390436915721693
52.86 19.57705539950939
52.87 24.968421508017514
52.88 25.01153524124652
52.89 14.90339659919573
52.9 10.820005581865303
52.91 18.39936218925527
52.92 16.402466421365943
52.93 12.005318278197137
52.94 10.11791775974848
52.95 10.410264866020384
52.96 14.81535959701273
52.97 9.428201952725544
52.98 5.925791933158848
52.99 16.096129538312653
53.0 27.37521476818688
53.01 26.92304762278127
53.02 28.433628102096577
53.03 25.55795620613185
53.04 26.24103193488793
53.05 28.05885528836427
53.06 23.109426266561172
53.07 19.9657448694785
53.08 18.640811097116284
53.09 20.122624949474698
53.1 23.23518642655324
53.11 17.034495528352068
53.12 19.96455225487182
53.13 29.395356606111932
53.14 27.46290858207226
53.15 25.863208182753056
53.16 32.00525540815454
53.17 34.15305025827638
53.18 28.018592733118567
53.19 24.62188283268108
53.2 21.12892055696443
53.21 22.09270590596816
53.22 22.56923887969208
53.23 17.940519478136594
53.24 18.541547701301738
53.25 19.51132354918707
53.26 20.69084702179282
53.27 21.08611811911919
53.28 20.98213684116604
53.29 21.190903187933145
53.3 18.44841715942073
53.31 14.13667875562885
53.32 14.521687976557587
53.33 20.26644482220638
53.34 21.326949292575932
53.35 22.70720138766569
53.36 25.95020110747612
53.37 22.082948452006917
53.38 13.427443421258204
53.39 6.467686015229901
53.4 8.604676233922078
53.41 13.574414077334609
53.42 14.978899545467698
53.43 14.780132638320993
53.44 15.800113355895178
53.45 14.202841698189673
53.46 6.162317665204455
53.47 7.4545412569398195
53.48 9.534512473395466
53.49 8.36023131457182
53.5 2.6406977804681446
53.51 5.545911871085423
53.52 13.943873586423138
53.53 17.54658292648105
53.54 17.79703989125926
53.55 20.847244480758263
53.56 17.17419669497781
53.57 18.309896533917367
53.58 13.758343997577526
53.59 16.014539085958404
53.6 18.11648179905967
53.61 15.536172136881078
53.62 18.94661009942297
53.63 29.567795686685713
53.64 27.982728898668597
53.65 14.292409735371962
53.66 12.42783819679562
53.67 11.243014282940294
53.68 11.708937993804966
53.69 9.523609329389956
53.7 2.9260282896957506
53.71 4.103194874721908
53.72 5.968109084468438
53.73 6.149770918935246
53.74 12.966180378122772
53.75 14.67033746203083
53.76 6.916242170659075
53.77 6.125894504007874
53.78 6.748294462076956
53.79 5.295442044866832
53.8 8.44433725237684
53.81 11.64398008460762
53.82 13.683370541558475
53.83 19.347508623230055
53.84 20.15439432962205
53.85 25.073027660734397
53.86 25.567408616567036
53.87 17.943537197120577
53.88 13.309413402394284
53.89 17.27903723238842
53.9 21.720408687103145
53.91 19.151527766538152
53.92 18.449394470693846
53.93 14.47800879956958
53.94 10.672370753166092
53.95 9.32348033148321
53.96 17.462337534520316
53.97 19.521942362278082
53.98 27.972294814756424
53.99 26.568394891955222
54.0 17.787242593874225
54.01 16.852837920513707
54.02 18.969180871873846
54.03 16.900271447954424
54.04 21.84610964875526
54.05 29.779695474276423
54.06 23.598028924518417
54.07 22.943109999480725
54.08 32.13793869916333
54.09 31.024515023566664
54.1 27.872838972690147
54.11 23.542910546534358
54.12 22.148729745098763
54.13 25.155296568383847
54.14 32.961611016389384
54.15 41.950673089115185
54.16 46.24548278656141
54.17 50.27604010872835
54.18 53.0933450556156
54.19 49.35939762722319
54.2 37.308197823551325
54.21 31.97774564459985
54.22 34.56404109036896
54.23 38.492084160858326
54.24 40.84187485606833
54.25 39.43741317599864
54.26 46.87669912064962
54.27 55.745732690020986
54.28 53.779513884112475
54.29 51.77204270292452
54.3 54.56531914645734
54.31 56.73134321471048
54.32 50.874114907683975
54.33 48.231634225377775
54.34 51.21690116779257
54.35 49.19491573492729
54.36 37.652677926782474
54.37 34.52418774335831
54.38 40.99944518465463
54.39 43.46845025067125
54.4 47.39720294140818
54.41 47.56470325686587
54.42 49.631951197044145
54.43 49.354946761942415
54.44 51.09068995156122
54.45 55.101180765900665
54.46 51.79241920496065
54.47 48.11940526874076
54.48 42.690138957241345
54.49 37.74362027046266
54.5 31.156849208404424
54.51 30.131825771066246
54.52 38.91254995844895
54.53 45.68102177055175
54.54 48.54424120737531
54.55 48.56520826891904
54.56 54.683922955183505
54.57 46.873385266168384
54.58 40.77359520187338
54.59 44.44255276229927
54.6 48.98025794744524
54.61 46.87671075731191
54.62 39.12891119189874
54.63 39.449859251206306
54.64 41.22155493523411
54.65 43.05299824398264
54.66 46.13218917745132
54.67 44.07612773564074
54.68 39.691813918550224
54.69 37.71224772618052
54.7 38.47042915853126
54.71 39.63835821560224
54.72 48.22803489739363
54.73 48.30745920390564
54.74 34.32963113513824
54.75 35.48055069109091
54.76 45.1212178717642
54.77 46.82763267715802
54.78 40.788795107272335
54.79 37.737705162106806
54.8 47.6533628416621
54.81 53.498768145937674
54.82 56.03592107493364
54.83 63.62882162864997
54.84 63.695469807086965
54.85 60.7238656102445
54.86 65.21600903812214
54.87 74.66590009072024
54.88 75.73353876803912
54.89 72.36892507007838
54.9 69.29905899683786
54.91 73.1029405483178
54.92 71.42956972451844
54.93 73.42794652543944
54.94 69.28907095108082
54.95 67.44794300144275
54.96 72.49456267652488
54.97 78.18392997632782
54.98 81.61004490085088
54.99 89.96990745009464
55.0 88.32651762405857
55.01 83.61687542274325
55.02 78.32598084614835
55.03 77.39083389427367
55.04 73.16343456711968
55.05 80.01778286468601
55.06 87.24187878697285
55.07 80.95672233398
55.08 78.03531350570779
55.09 87.24765230215604
55.1 88.5977387233246
55.11 90.94057276921347
55.12 101.02315443982309
55.13 103.40948373515317
55.14 104.8155606552034
55.15 102.2083851999742
55.16 96.18295736946561
55.17 94.65927716367742
55.18 98.53134458260956
55.19 103.68715962626197
55.2 99.18572229463518
55.21 93.0950325877289
55.22 94.00609050554283
55.23 99.65189604807733
55.24 100.24444921533234
55.25 98.35975000730753
55.26 94.1077984240033
55.27 95.16559446541953
55.28 96.21013813155633
55.29 93.89842942241336
55.3 96.66946833799096
55.31 102.07625487828898
55.32 101.60378904330764
55.33 98.88407083304645
55.34 102.36810024750594
55.35 96.79587728668571
55.36 91.66240195058617
55.37 88.47667423920672
55.38 80.15969415254807
55.39 79.07046169060953
55.4 86.3809768533917
55.41 84.83523964089414
55.42 75.36025005311728
55.43 71.06700809006065
55.44 76.7215137517245
55.45 81.63876703810905
55.46 81.10076794921372
55.47 76.02251648503903
55.48 79.08901264558466
55.49 85.25025643085087
55.5 87.68224784083736
55.51 85.12398687554452
55.52 73.197473534972
55.53 63.59170781911985
55.54 64.64968972798829
55.55 68.23041926157714
55.56 70.51089641988648
55.57 73.70212120291615
55.58 73.86209361066625
55.59 79.55181364313694
55.6 80.71228130032819
55.61 72.00349658223956
55.62 69.86045948887136
55.63 68.97517002022397
55.64 69.84862817629693
55.65 68.31283395709022
55.66 59.61478736260386
55.67 55.6184883928384
55.68 56.23993704779298
55.69 57.60713332746798
55.7 55.528077231863676
55.71 54.01276876097984
55.72 56.09520791481623
55.73 57.22239469337296
55.74 55.01032909665054
55.75 55.267011124648434
55.76 49.584440777366524
55.77 47.078618054805474
55.78 43.88054295696452
55.79 36.4912154838442
55.8 39.08263563544426
55.81 47.83980341176482
55.82 55.834718812805704
55.83 63.10038183856716
55.84 63.023792489049185
55.85 57.91795076425143
55.86 55.50785666417403
55.87 51.20751018881742
55.88 57.299911338181175
55.89 64.54006011226522
55.9 67.66495651106987
55.91 69.13960053459482
55.92 65.10199218284038
55.93 66.2421314558062
55.94 74.6200183534927
55.95 75.05465287589959
55.96 78.7590350230268
55.97 76.16816479487437
55.98 69.44804219144265
55.99 65.22766721273138
56.0 68.64803985874039
56.01 79.0861601294697
56.02 79.26702802491991
56.03 83.97364354509028
56.04 92.2600066899812
56.05 87.90411745959238
56.06 87.71697585392428
56.07 89.63258187297652
56.08 91.70393551674914
56.09 97.07803678524238
56.1 103.17588567845581
56.11 96.00648219638992
56.12 91.38882633904433
56.13 96.4989181064193
56.14 100.55175749851475
56.15 100.1943445153305
56.16 99.24767915686675
56.17 99.07776142312349
56.18 98.98859131410074
56.19 97.50916882979834
56.2 100.77449397021633
56.21 108.06656673535485
56.22 107.95438712521388
56.23 104.13095513979323
56.24 87.97927077909321
56.25 80.79033404311332
56.26 88.49514493185427
56.27 90.7547034453155
56.28 83.62300958349715
56.29 83.7470633463991
56.3 83.73786473402185
56.31 76.65641374636493
56.32 70.6437103834283
56.33 71.98875464521211
56.34 79.56354653171672
56.35 78.81308604294145
56.36 72.59237317888653
56.37 70.07040793955235
56.38 63.69019032493867
56.39 57.40172033504513
56.4 50.21399796987214
56.41 50.67202322941978
56.42 55.82579611368783
56.43 50.88831662267614
56.44 51.23858475638485
56.45 57.34260051481431
56.46 62.76036389796417
56.47 58.49687490583426
56.48 50.146133538424806
56.49 45.17213979573603
56.5 47.74189367776762
56.51 44.75639518451959
56.52 38.4276443159921
56.53 39.57764107218492
56.54 36.03738545309841
56.55 34.5478774587321
56.56 39.15611708908642
56.57 44.620104344161234
56.58 41.787839223956325
56.59 41.41132172847193
56.6 40.77755185770792
56.61 38.59352961166451
56.62 36.24725499034139
56.63 30.564727993738813
56.64 32.60994862185669
56.65 41.54891687469507
56.66 37.74363275225369
56.67 27.640096254533034
56.68 20.362307381532503
56.69 23.120266133252755
56.7 30.45497250969339
56.71 20.761426510854335
56.72 23.038628136735667
56.73 34.95457738733768
56.74 39.241274262660056
56.75 42.35371876270284
56.76 37.414910887465965
56.77 31.706850636949753
56.78 28.879538011153954
56.79 27.703973010078528
56.8 29.690155633723577
56.81 29.15208588208924
56.82 25.807763755175017
56.83 28.895189252981368
56.84 35.7313623755083
56.85 40.47828312275567
56.86 41.69695149472335
56.87 42.66036749141148
56.88 41.61453111282026
56.89 31.966442358949394
56.9 26.535101229798897
56.91 32.5885077253688
56.92 39.1566618456593
56.93 41.502563590670206
56.94 39.79421296040158
56.95 53.21060995485345
56.96 60.58175457402558
56.97 59.68464681791829
56.98 52.54428668653139
56.99 54.49567417986509
57.0 55.442809297919155
57.01 55.04269204069362
57.02 63.1923224081886
57.03 56.77370040040398
57.04 46.17682601733986
57.05 45.73369925899607
57.06 56.65032012537296
57.07 65.10268861647
57.08 66.30680473228767
57.09 67.16266847282589
57.1 73.02527983808443
57.11 69.77563882806328
57.12 77.72174544276277
57.13 84.28959968218277
57.14 82.55820154632295
57.15 84.25855103518381
57.16 86.03264814876502
57.17 85.53549288706688
57.18 85.08408525008883
57.19 85.7334252378314
57.2 84.63051285029451
57.21 82.10634808747807
57.22 80.66693094938194
57.23 70.93626143600636
57.24 75.66033954735133
57.25 76.77916528341655
57.26 72.79073864420218
57.27 66.96405962970846
57.28 65.0801282399351
57.29 65.77994447488214
57.3 62.10850833454964
57.31 61.67081981893767
57.32 63.41087892804609
57.33 66.19168566187494
57.34 69.04324002042438
57.35 65.19754200369414
57.36 59.972591611684436
57.37 66.17638884439498
57.38 65.40193370182624
57.39 72.46122618397771
57.4 72.27426629084982
57.41 61.97605402244227
57.42 53.1975893787552
57.43 48.19087235978856
57.44 43.79190296554242
57.45 43.48668119601683
57.46 48.65020705121145
57.47 52.91248053112673
57.48 46.83650163576226
57.49 38.01127036511838
57.5 34.96578671919491
57.51 33.82105069799195
57.52 31.802062301509352
57.53 28.464821529747212
57.54 31.78632838270545
57.55 34.84658286038433
57.56 29.93558496278365
57.57 26.44833468990322
57.58 20.97083204174328
57.59 21.754077018303974
57.6 21.467069619585004
57.61 21.19880984558648
57.62 19.043297696308287
57.63 21.860533171750774
57.64 25.72951627191361
57.65 18.989246996796908
57.66 15.129725346400505
57.67 15.799951320724801
57.68 10.43892491976942
57.69 14.68664614353446
57.7 22.44811499202001
57.71 21.647331465226102
57.72 18.31329556315245
57.73 15.064007285799164
57.74 15.595466633166666
57.75 16.08767360525451
57.76 15.255628202062667
57.77 19.382330423591384
57.78 19.245780269840395
57.79 19.225977740810038
57.8 19.36692283650001
57.81 14.45061555691052
57.82 5.661055902041426
57.83 -1.009756128107199
57.84 5.9951794664647196
57.85 16.238862685756885
57.86 11.52029352976956
57.87 13.212471998502792
57.88 19.50039809195647
57.89 18.463071810130486
57.9 16.920493153025063
57.91 20.241662120639944
57.92 14.252578712975492
57.93 9.690242930031275
57.94 10.354654771807702
57.95 7.074814238304498
57.96 7.844721329521633
57.97 11.553376045459231
57.98 14.916778386117358
57.99 16.974928351496033
58.0 18.445825941594933
58.01 18.096471156414395
58.02 17.092863995954303
58.03 13.644004460214774
58.04 10.67789254919552
58.05 13.751528262896727
58.06 16.41191160131848
58.07 16.929042564460758
58.08 17.07092115232325
58.09 20.802547364906445
58.1 25.42592120220985
58.11 21.783042664233847
58.12 14.959911750978222
58.13 10.412528462443163
58.14 19.38489279862847
58.15 22.082004759534243
58.16 19.909864345160372
58.17 19.970471555507118
58.18 17.410826390574243
58.19 14.716928850361796
58.2 9.142778934869852
58.21 7.847376644098176
58.22 3.0627219780471933
58.23 2.3968149367165097
58.24 14.7106555201064
58.25 12.16724372821659
58.26 5.996579561047383
58.27 9.742663018598535
58.28 8.069494100870088
58.29 5.686072807862104
58.3 4.393399139574626
58.31 4.558473096007617
58.32 7.659294677161029
58.33 4.772863883034802
58.34 3.160180713629302
58.35 7.953245168944022
58.36 12.629057248979109
58.37 14.094616953734885
58.38 6.880924283211016
58.39 8.276979237407545
58.4 14.395781816324472
58.41 14.113332019962002
58.42 13.050629848319886
58.43 3.2026753013982443
58.44 -6.8845316208029885
58.45 2.1460090817162154
58.46 4.204297408956052
58.47 -1.2476666390838886
58.48 1.5701169375967083
58.49 2.925648138997815
58.5 0.6479269651193817
58.51 1.7479534159612626
58.52 4.290727491523683
58.53 0.776249191806528
58.54 -3.398481483190153
58.55 5.163535466533631
58.56 15.411300040977778
58.57 15.77181224014248
58.58 7.683072064027556
58.59 -2.6429204873668937
58.6 -6.010165414040955
58.61 1.6603372840056068
58.62 9.904587606772452
58.63 5.919585554259868
58.64 6.597331126467566
58.65 15.58882432339584
58.66 14.896065145044531
58.67 10.161053591413747
58.68 0.6237896625032704
58.69 -12.050726641686595
58.7 -11.97049532115608
58.71 -4.513516375905169
58.72 -0.1587898059337931
58.73 -0.09531561124197196
58.74 7.733906208170367
58.75 11.455875652303064
58.76 11.233592721156242
58.77 8.173057414729897
58.78 9.723269733024097
58.79 4.496229676038581
58.8 -2.9760627562263835
58.81 -4.576607563770835
58.82 -0.9084047465950107
58.83 4.868545695301293
58.84 1.6222437619181278
58.85 2.0016894532553806
58.86 11.31588276931302
58.87 15.433823710091133
58.88 15.215512275589788
58.89 11.846948465808794
58.9 8.948132280748325
58.91 5.850063720408173
58.92 8.553742784788597
58.93 8.087169473889503
58.94 5.605343787710694
58.95 11.177265726252529
58.96 18.147935289514635
58.97 19.96335247749738
58.98 18.734517290200415
58.99 16.98042972762397
59.0 20.85108978976791
59.01 25.10749747663243
59.02 22.651652788217348
59.03 19.462555724522645
59.04 12.890206285548402
59.05 9.565604471294648
59.06 12.984750281761364
59.07 12.066643716948477
59.08 19.30328477685606
59.09 18.47167346148416
59.1 10.691809770832549
59.11 12.936693704901472
59.12 13.407325263690893
59.13 12.36170444720085
59.14 12.064831255431045
59.15 9.266705688381649
59.16 6.90332774605298
59.17 14.990697428444605
59.18 20.1458147355566
59.19 15.542679667389166
59.2 18.189292223942232
59.21 17.280652405215676
59.22 3.4937602112094623
59.23 4.121615641923825
59.24 15.108218697358666
59.25 21.214569377513897
59.26 20.01266768238952
59.27 10.835513611985675
59.28 9.57410716630227
59.29 13.971448345339297
59.3 16.39653714909673
59.31 10.8533735775747
59.32 7.922957630773169
59.33 8.22628930869189
59.34 10.474368611331272
59.35 15.623195538690936
59.36 11.077770090771082
59.37 2.5900922675717197
59.38 4.283162069092839
59.39 3.3119794953343558
59.4 3.3965445462963544
59.41 5.552857221978684
59.42 4.310917522381658
59.43 0.40372544750493944
59.44 6.932280997348755
59.45 11.489584171913009
59.46 5.827634971197654
59.47 8.508433395202815
59.48 10.74797944392833
59.49 6.89227311737443
59.5 4.932314415540816
59.51 4.467103338427762
59.52 3.610639886035244
59.53 1.8779240583629644
59.54 -2.0200441445887805
59.55 -4.885264722820068
59.56 0.7372623236691993
59.57 1.5155369948788007
59.58 -0.737440709191219
59.59 -3.4676707885406017
59.6 -3.8481532431696337
59.61 0.517111926921757
59.62 7.702124721733583
59.63 5.105885141265901
59.64 3.635393185518751
59.65 2.503648854491928
59.66 -7.526347851814421
59.67 -6.034596933400167
59.68 0.983901609734346
59.69 -1.6908522224106832
59.7 -5.7738584298351725
59.71 -7.9041170125392455
59.72 -5.379627970522904
59.73 -5.540391303786123
59.74 -7.57540701232881
59.75 2.318324903848918
59.76 5.053804444747016
59.77 -1.7349683896342754
59.78 -4.550993599295282
59.79 -5.665271184235735
59.8 -3.926801144455794
59.81 -7.011583479955334
59.82 -1.1226181907344994
59.83 2.9860947232068042
59.84 -6.4364447381313425
59.85 -11.422236574749206
59.86 -12.543280786646505
59.87 -10.804577373823406
59.88 -5.396126336279792
59.89 2.6720723259841748
59.9 2.9980186129686786
59.91 -3.3102874753264473
59.92 -7.292845938901053
59.93 -1.2336567777553
59.94 4.497280008111034
59.95 3.3729644186977907
59.96 5.402396454004872
59.97 13.810576114032472
59.98 15.431503398780535
59.99 12.95517830824906
60.0 17.414600842438006
60.01 13.686771001347381
60.02 7.102688784977261
60.03 4.076354193327688
60.04 5.290767226398316
60.05 11.361927884189527
60.06 20.51883616670125
60.07 26.721492073933348
60.08 23.82689560588591
60.09 25.92204676255892
60.1 31.70794554395235
60.11 28.91159195006628
60.12 33.8359859809006
60.13 39.84012763645546
60.14 38.53601691673077
60.15 37.3476538217264
60.16 42.38403835144254
60.17 44.12717050587918
60.18 42.86705028503627
60.19 43.367677688913716
60.2 37.995052717511726
60.21 40.00717537083011
60.22 40.98304564886894
60.23 37.64266355162829
60.24 38.435029079108006
60.25 42.10114223130819
60.26 39.64400300822888
60.27 35.68161140986996
60.28 40.97396743623153
60.29 41.74107108731346
60.3 40.17692236311598
60.31 42.61252126363894
60.32 47.02586778888224
60.33 44.76296193884599
60.34 48.378803713530374
60.35 51.11839311293505
60.36 49.48973013706012
60.37 56.235814785905745
60.38 61.09264705947186
60.39 51.998226957758334
60.4 47.79155448076517
60.41 48.77762962849266
60.42 41.810452400940505
60.43 37.92002279810879
60.44 39.860340819997475
60.45 41.349406466606695
60.46 39.99121973793643
60.47 42.08678063398651
60.48 38.03408915475694
60.49 36.193145300248034
60.5 39.28694907045946
60.51 39.195500465391376
60.52 33.49779948504374
60.53 31.127846129416525
60.54 32.627640398509755
60.55 34.19118229232345
60.56 26.384471810857576
60.57 24.724508954112196
60.58 29.22329372208725
60.59 29.704826114782747
60.6 26.551106132198697
60.61 22.305133774335104
60.62 20.541909041191957
60.63 23.1964319327692
60.64 31.636702449066945
60.65 35.990720590085175
60.66 27.703486355823827
60.67 24.791999746282897
60.68 24.56526076146247
60.69 13.654269401362455
60.7 14.68102566598293
60.71 26.744529555323766
60.72 26.410781069385052
60.73 21.803780208166927
60.74 19.422526971669186
60.75 14.50602135989186
60.76 8.406263372834871
60.77 10.111253010498558
60.78 14.791990272882572
60.79 15.20147515998707
60.8 25.143707671812024
60.81 31.914687808357428
60.82 31.794415569623254
60.83 34.9608909556095
60.84 35.74811396631628
60.85 42.495084601743486
60.86 37.65680286189104
60.87 30.226268746759104
60.88 32.93648225634769
60.89 37.60644339065669
60.9 42.55315214968613
60.91 40.42360853343598
60.92 34.96081254190631
60.93 36.06676417509715
60.94 42.967463433008334
60.95 47.502910315640065
60.96 49.5951048229922
60.97 59.46204695506481
60.98 62.884736711857784
60.99 68.37917409337126
61.0 79.03435909960524
61.01 86.04229173055961
61.02 82.84797198623443
61.03 86.64939986662972
61.04 97.71957537174546
61.05 106.09649850158166
61.06 114.44416925613825
61.07 124.53758763541532
61.08 135.29075363941286
61.09 142.1826672681309
61.1 148.95632852156928
61.11 156.84273739972815
61.12 169.66889390260746
61.13 185.83979803020725
61.14 200.11144978252747
61.15 220.12484915956804
61.16 237.8629961613293
61.17 247.80689078781097
61.18 257.14653303901287
61.19 270.68792291493537
61.2 280.13106041557836
61.21 296.1339455409417
61.22 311.23357829102554
61.23 330.17795866582975
61.24 346.9770866653545
61.25 365.1069622895997
61.26 377.0205855385653
61.27 384.00895641225145
61.28 398.0050749106579
61.29 408.05194103378483
61.3 414.4575547816323
61.31 418.2279161542002
61.32 434.5460251514885
61.33 458.4928817734973
61.34 480.3044860202265
61.35 483.4238378916762
61.36 485.4989373878463
61.37 487.6707845087368
61.38 499.4903792543479
61.39 511.65172162467934
61.4 517.1038116197312
61.41 516.4786492395036
61.42 530.7232344839965
61.43 541.6615673532096
61.44 538.4466478471435
61.45 536.6244759657977
61.46 530.9010517091722
61.47 526.8673750772673
61.48 528.9484460700828
61.49 531.5142646876188
61.5 524.9668309298753
61.51 521.232144796852
61.52 517.8692062885493
61.53 514.4320154049672
61.54 502.84157214610536
61.55 489.844876511964
61.56 492.47392850254323
61.57 480.08772811784274
61.58 454.67727535786275
61.59 443.19357022260317
61.6 423.4936127120641
61.61 402.91240282624545
61.62 394.6009405651473
61.63 377.8392259287695
61.64 362.92825891711226
61.65 354.37203953017547
61.66 335.2115677679591
61.67 321.2278436304631
61.68 313.93686711768765
61.69 300.1656382296326
61.7 279.909156966298
61.71 276.00342332768383
61.72 258.24543731379015
61.73 238.95719892461693
61.74 226.29270816016424
61.75 207.6809650204318
61.76 202.35396950541997
61.77 196.6017216151285
61.78 181.8602213495575
61.79 165.51846870870702
61.8 156.9994636925769
61.81 149.61420630116726
61.82 132.25869653447808
61.83 112.85193439250929
61.84 100.40791987526097
61.85 92.06465298273315
61.86 87.14813371492579
61.87 80.88036207183887
61.88 73.2773380534723
61.89 67.68306165982625
61.9 63.054532890900646
61.91 58.07675174669561
61.92 50.02071822721092
61.93 46.17343233244662
61.94 43.08089406240282
61.95 40.1281034170795
61.96 37.919060396476596
61.97 32.75576500059418
61.98 22.04821722943211
61.99 19.431417082990606
62.0 16.820364561269514
